0  6625.02734375
8  7830278.151076283
16  13744081.929912582
24  18063207.571811356
32  21060748.76372619
40  22972545.847964205
48  24001521.520365942
56  24321572.417350475
64  24081057.310634714
72  23405919.252183266
80  22402475.89201869
88  21159909.306929424
96  19752484.015399914
104  18241519.395899013
112  16677140.45857837
120  15099828.830473304
128  13541793.889440995
136  12028182.209490042
144  10578141.85033424
152  9205756.52485155
160  7920863.301687388
168  6729766.236430152
176  5635857.165662767
184  4640153.835898283
192  3741764.5665686405
200  2938287.756246891
208  2226153.727532195
216  1600915.662882192
224  1057495.7056220283
232  590391.6821317831
240  193849.33829988376
248  -137995.52879988067
256  -411001.1284434645
264  -630926.4298710526
272  -803357.5018436234
280  -933650.6748176566
288  -1026890.0760457759
296  -1087857.3711824918
304  -1121011.8014160108
312  -1130478.8352034907
320  -1120045.9605207636
328  -1093164.3291869813
336  -1052955.1311944257
344  -1002219.7257594585
352  -943452.6886239352
360  -878857.0534409833
368  -810361.1302264893
376  -739636.3770720485
384  -668115.8837511742
392  -597013.0985433166
400  -527340.4935024638
408  -459927.9193917961
416  -395440.45037493424
424  -334395.5610625778
432  -277179.515278976
440  -224062.87759441265
448  -175215.0857753999
456  -130718.0453727987
464  -90578.72712711201
472  -54740.76415595987
480  -23095.05935930701
488  6607.92529296875
496  28262.718884487902
504  48374.539141543646
512  65078.852811988654
520  78621.99454685314
528  89258.44990643409
536  97246.20019928146
544  102842.72791585453
552  106301.63129794157
560  107869.79720464427
568  107785.08256334688
576  106274.45623519464
584  103552.55498847901
592  99820.609388923
600  95265.69771898033
608  90060.28846856499
616  84362.03445412782
624  78313.78417547476
632  72043.77857977133
640  65666.00393569433
648  59280.67400703365
656  52974.817132617274
664  46822.94615259581
672  40887.79135464568
680  35221.0787444355
688  29864.337956537664
696  24849.726018802816
704  20200.854956462794
712  15933.61287314897
720  12056.969675158329
728  8573.760013046516
736  5481.437304598493
744  2772.793878234069
752  436.6433403369344
760  -1541.5377717177737
768  -3179.0111318534828
776  -4495.221882385914
784  -5511.288654292165
792  -6249.538412313331
800  -6733.085679130367
808  -6985.455258206035
816  -7030.247208715183
824  -6890.8425211234535
832  -6590.147695008151
840  -6150.376224486835
848  -5592.864848134271
856  -4937.922313079798
864  -4204.70833386862
872  -3411.140390481441
880  -2573.8260033960764
888  -1708.0181421253708
896  -827.5914647391407
904  54.96285468267348
912  928.525878261527
920  1783.3253154545812
928  2610.8975734575665
936  3404.039320276486
944  4156.750320692422
952  4864.169188031114
960  5522.503574797225
968  6128.956204304261
976  6681.64802479103
984  7179.539648279215
992  7622.352119575778
1000  8010.487947242778
1008  8344.953218708753
1016  8627.281516601684
1024  8859.46025330651
1032  9043.859946056811
1040  9183.166865838422
1048  9280.319410222233
1056  9338.44847301878
1064  9360.822012483752
1072  9350.793954596855
1080  9311.757508694329
1088  9247.102919315965
1096  9160.179630340994
1104  9054.262795239008
1112  8932.52403022834
1120  8798.006275172515
1128  8653.602599808184
1136  8502.038770232939
1144  8345.859372059505
1152  8187.417272123126
1160  8028.866189709151
1168  7872.156140739282
1176  7719.031513852849
1184  7571.0315356329465
1192  7429.49288303075
1200  7295.554204068401
1208  7170.162312909646
1216  7054.079832120072
1224  6947.894063135756
1232  6852.026875429137
1240  6766.745415355243
1248  6692.173447002473
1256  6628.303149361601
1264  6575.007206589797
1272  6532.051040931514
1280  6499.105050807477
1288  6475.756729570131
1296  6461.522553329523
1304  6455.859538963556
1312  6458.176385848301
1320  6467.844126905816
1328  6484.206226172545
1336  6506.588071197648
1344  6534.305819148494
1352  6566.6745654378865
1360  6603.0158130392
1368  6642.664229318309
1376  6684.973685230645
1384  6729.322579064448
1392  6775.118453560418
1400  6821.801921223119
1408  6868.849917949721
1416  6915.778309756597
1424  6962.143881414101
1432  7007.54573920298
1440  7051.626162832394
1448  7094.070943814346
1456  7134.609249317597
1464  7173.013051752205
1472  7209.096165090921
1480  7242.712929260542
1488  7273.756583859583
1496  7302.15737201787
1504  7327.880414442663
1512  7350.923392628397
1520  7371.314078877059
1528  7389.107749219299
1536  7404.384513567736
1544  7417.246595516702
1552  7427.815592142869
1560  7436.229741997106
1568  7442.6412272354455
1576  7447.213533534816
1584  7450.118889111101
1592  7451.53580181619
1600  7451.646710964062
1608  7450.635768238093
1616  7448.686759780999
1624  7445.981179383291
1632  7442.696460572259
1640  7439.004373381419
1648  7435.069589655277
1656  7431.048418924704
1664  7427.087715186547
1672  7423.323953334225
1680  7419.882472528047
1688  7416.876882460481
1696  7414.408627268497
1704  7412.566700770282
1712  7411.427505760279
1720  7411.05484927865
1728  7411.500065080824
1736  7412.802253963791
1744  7414.98863215575
1752  7418.074977639705
1760  7422.066164054599
1768  7426.956771693731
1776  7432.73176509444
1784  7439.367226777327
1792  7446.831136843245
1800  7455.084188362882
1808  7464.0806287921
1816  7473.76911800685
1824  7484.093593971072
1832  7494.994137517331
1840  7506.407828231879
1848  7518.2695839817925
1856  7530.512977197969
1864  7543.071021626815
1872  7555.8769238785535
1880  7568.864794727122
1888  7581.970315747763
1896  7595.131357510042
1904  7608.288546170112
1912  7621.385775923249
1920  7634.370665379325
1928  7647.194956509593
1936  7659.814855375331
1944  7672.191314388476
1952  7684.290256364724
1960  7696.082741111494
1968  7707.545075742349
1976  7718.658870325397
1984  7729.411040854589
1992  7739.793761877072
2000  7749.804371419095
2008  7759.445231123819
2016  7768.7235447488665
2024  7777.651138368926
2032  7786.244205789854
2040  7794.52302280556
2048  7802.5116340199465
2056  7810.237516012288
2064  7817.731220649077
2072  7825.026002338663
2080  7832.157432988906
2088  7839.163008364534
2096  7846.081749451666
2104  7852.953802323845
2112  7859.820039868964
2120  7866.721668582186
2128  7873.6998434572415
2136  7880.795293821426
2144  7888.047962758063
2152  7895.496662548278
2160  7903.1787483421085
2168  7911.129812040549
2176  7919.383398136627
2184  7927.9707430265435
2192  7936.920539063387
2200  7946.258724389306
2208  7956.008299345257
2216  7966.189170026875
2224  7976.818019327917
2232  7987.908205593507
2240  7999.469688793493
2248  8011.5089839239745
2256  8024.029141152527
2264  8037.0297520417735
2272  8050.506981016802
2280  8064.453621085182
2288  8078.859172675872
2296  8093.70994433288
2304  8108.98917388516
2312  8124.677168612334
2320  8140.751462839889
2328  8157.18699132481
2336  8173.956276735368
2344  8191.02962948471
2352  8208.375358149042
2360  8225.959988684497
2368  8243.748490654763
2376  8261.70450869096
2384  8279.790597427931
2392  8297.968458194271
2400  8316.199175778229
2408  8334.443453646372
2416  8352.661846055655
2424  8370.814985572311
2432  8388.863804591532
2440  8406.769749538962
2448  8424.4949865287
2456  8442.002597350973
2464  8459.256764765687
2472  8476.22294618456
2480  8492.868034933668
2488  8509.16050839922
2496  8525.0705624711
2504  8540.570231811289
2512  8555.633495585216
2520  8570.236368405092
2528  8584.356976341762
2536  8597.975617967957
2544  8611.074810497545
2552  8623.639321184179
2560  8635.656184236825
2568  8647.114703598512
2576  8658.006442019085
2584  8668.325196930464
2592  8678.066963705298
2600  8687.229886945886
2608  8695.814200509383
2616  8703.822157028026
2624  8711.257947728933
2632  8718.12761339679
2640  8724.438947354709
2648  8730.201391363351
2656  8735.425925356552
2664  8740.124951943035
2672  8744.312176607997
2680  8748.002484547003
2688  8751.211815056131
2696  8753.957034388348
2704  8756.255807966294
2712  8758.12647281619
2720  8759.587911057786
2728  8760.659425249563
2736  8761.360616349788
2744  8761.711265010226
2752  8761.731216872791
2760  8761.440272489504
2768  8760.858082433617
2776  8760.00404811481
2784  8758.89722875503
2792  8757.556254923262
2800  8755.999248969092
2808  8754.243752635051
2816  8752.306662068419
2824  8750.20417039402
2832  8747.95171795111
2840  8745.563950239579
2848  8743.05468356539
2856  8740.43687832022
2864  8737.722619778839
2872  8734.923106247224
2880  8732.048644348066
2888  8729.108651185605
2896  8726.111663090649
2904  8723.065350609388
2912  8719.976539364507
2920  8716.85123638731
2928  8713.694661491932
2936  8710.51128324006
2944  8707.304859025315
2952  8704.078478790994
2960  8700.834611883693
2968  8697.575156537667
2976  8694.301491481474
2984  8691.014529158292
2992  8687.714770055292
3000  8684.402357644925
3008  8681.07713345175
3016  8677.738691772538
3024  8674.386433594738
3032  8671.019619278328
3040  8667.637419589068
3048  8664.238964696333
3056  8660.823390776344
3064  8657.389883891094
3072  8653.937720844471
3080  8650.46630675001
3088  8646.975209078546
3096  8643.464187988988
3104  8639.933222781203
3112  8636.382534345774
3120  8632.812603521932
3128  8629.224185310846
3136  8625.618318927116
3144  8621.996333706791
3152  8618.35985092408
3160  8614.7107816025
3168  8611.051320437817
3176  8607.255859375
3184  8603.711357255866
3192  8600.036557020447
3200  8596.362731890802
3208  8592.693279587538
3216  8589.031773570472
3224  8585.381935351998
3232  8581.74760479343
3240  8578.132708701078
3248  8574.541228049191
3256  8570.977164164238
3264  8567.444504209578
3272  8563.94718631171
3280  8560.489064668476
3288  8557.073874976246
3296  8553.70520050708
3304  8550.386439158554
3312  8547.120771787775
3320  8543.9111321281
3328  8540.760178571145
3336  8537.670268079857
3344  8534.643432477997
3352  8531.681357340862
3360  8528.785363688836
3368  8525.956392661048
3376  8523.194993320878
3384  8520.501313718534
3392  8517.875095308324
3400  8515.315670790276
3408  8512.821965416982
3416  8510.392501778206
3424  8508.025408046395
3432  8505.718429638287
3440  8503.46894421922
3448  8501.273979949128
3456  8499.13023684275
3464  8497.034111090476
3472  8494.981722161778
3480  8492.968942489852
3488  8490.99142951445
3496  8489.044659839794
3504  8487.123965246019
3512  8485.224570276721
3520  8483.341631110547
3528  8481.47027541299
3536  8479.605642854602
3544  8477.742925974608
3552  8475.877411063515
3560  8474.004518736052
3568  8472.119843865425
3576  8470.219194552139
3584  8468.29862980549
3592  8466.354495623124
3600  8464.38345916339
3608  8462.382540717366
3616  8460.34914320146
3624  8458.281078908056
3632  8456.176593269733
3640  8454.034385413252
3648  8451.853625301608
3656  8449.633967285943
3664  8447.1083984375
3672  8445.079051876697
3680  8442.745593971194
3688  8440.376837050635
3696  8437.974925881288
3704  8435.54248892121
3712  8433.082624033406
3720  8430.598880186224
3728  8428.095235223307
3736  8425.57606981535
3744  8423.046137736354
3752  8420.510532635708
3760  8417.97465150599
3768  8415.444155073365
3776  8412.924925363182
3784  8410.423020718015
3792  8407.944628567568
3800  8405.496016270781
3808  8403.083480369523
3816  8400.71329460884
3824  8398.391657094226
3832  8396.124636966806
3840  8393.91812098751
3848  8391.777760427212
3856  8389.708918663844
3864  8387.716619888515
3872  8385.805499320548
3880  8383.97975532705
3888  8382.243103834502
3896  8380.598735409985
3904  8379.049275375777
3912  8377.596747305648
3920  8376.242540231775
3928  8374.987379870401
3936  8373.831304150182
3944  8372.773643300727
3952  8371.813004731048
3960  8370.947262896203
3968  8370.173554318677
3976  8369.488277896333
3984  8368.887100593578
3992  8368.364968575064
4000  8367.916123803536
4008  8367.53412608454
4016  8367.21188050122
4024  8366.941670143164
4032  8366.715193993241
4040  8366.523609797254
4048  8366.35758170202
4056  8366.207332409771
4064  8366.062699559472
4072  8365.913196010059
4080  8365.748073666573
4088  8365.556390457885
4096  8365.327080044739
4104  8365.049023809142
4112  8364.711124651018
4120  8364.302382095702
4128  8363.81196819709
4136  8363.229303704722
4144  8362.544133950962
4152  8361.74660390538
4160  8360.827331838009
4168  8359.777481031939
4176  8358.58882898793
4184  8357.253833570407
4192  8355.765695554388
4200  8354.118417047452
4208  8352.306855279548
4216  8350.326771275493
4224  8348.17487295185
4232  8345.848852209625
4240  8343.347415628545
4248  8340.67030840583
4256  8337.818331223327
4264  8334.793349770804
4272  8331.59829670028
4280  8328.237165835693
4288  8324.714998514464
4296  8321.037861991454
4304  8317.212819891998
4312  8313.247894757857
4320  8309.152022788483
4328  8304.93500093923
4336  8300.607426597508
4344  8296.180630117267
4352  8291.666600551314
4360  8287.077904978303
4368  8282.427601878708
4376  8277.729149067885
4384  8272.99630674773
4392  8268.243036287748
4400  8263.48339539346
4408  8258.731430363327
4416  8254.00106617492
4424  8249.30599517597
4432  8244.659565186745
4440  8240.074667845574
4448  8235.563628049644
4456  8231.13809535764
4464  8226.808938229648
4472  8222.586141982438
4480  8218.47871133414
4488  8214.494578402657
4496  8210.640517004818
4504  8206.922064080156
4512  8203.343449032818
4520  8199.907531748016
4528  8196.615749996137
4536  8193.468076886924
4544  8190.462988980028
4552  8187.597445594952
4560  8184.866879794705
4568  8182.265201443044
4576  8179.784812655134
4584  8177.416635876752
4592  8175.150154737827
4600  8172.973467732906
4608  8170.873354684064
4616  8168.835355842613
4624  8166.843863383637
4632  8164.882224943988
4640  8162.9328587501905
4648  8160.977379777826
4656  8158.996736280098
4664  8156.971355920874
4672  8154.881300646503
4680  8152.706429334
4688  8150.426567158886
4696  8148.021680537251
4704  8145.472056413263
4712  8142.758484585754
4720  8139.862441697817
4728  8136.766275450994
4736  8133.453387552118
4744  8129.908413857191
4752  8126.1174001422505
4760  8122.067971908724
4768  8117.749496618634
4776  8113.153236755455
4784  8108.2724921195
4792  8103.102729791739
4800  8097.641700239547
4808  8091.889538089792
4816  8085.848846160823
4824  8079.524761424981
4832  8072.925001666563
4840  8066.059891707627
4848  8058.942368194534
4856  8051.587962072201
4864  8044.014758019113
4872  8036.243330275181
4880  8028.296654464281
4888  8020.199995194277
4896  8011.9807694078345
4904  8003.668385656603
4912  7995.294059678428
4920  7986.890606870656
4928  7978.492212471038
4936  7970.134180479719
4944  7961.852662580204
4952  7953.684368541386
4960  7945.666259806286
4968  7937.835228193018
4976  7930.227761848419
4984  7922.879600803406
4992  7915.825384677509
5000  7909.098295268598
5008  7902.7296969389245
5016  7896.748777868067
5024  7891.182195386648
5032  7886.053728727623
5040  7881.3839426347095
5048  7877.1898653458775
5056  7873.484684524302
5064  7870.277464735773
5072  7867.572890069623
5080  7865.371035468921
5088  7863.667170271675
5096  7862.451597368123
5104  7861.709531249165
5112  7861.421018055055
5120  7861.56090053256
5128  7862.098830571796
5136  7862.999331720322
5144  7864.221913762962
5152  7865.721241110229
5160  7867.447356358243
5168  7869.345959968377
5176  7871.3587465680375
5184  7873.423797895515
5192  7875.476031905125
5200  7877.447707014239
5208  7879.268979917276
5216  7880.868514812136
5224  7882.174141289637
5232  7883.113557527372
5240  7883.6150748107575
5248  7883.60839878243
5256  7883.02544219705
5264  7881.801163344309
5272  7879.874423694802
5280  7877.188857737727
5288  7873.693747412692
5296  7869.344893002633
5304  7864.105471857139
5312  7857.946875857508
5320  7850.849518130118
5328  7842.8035991646175
5336  7833.809822208513
5344  7823.880047595023
5352  7813.037875524492
5360  7801.319146767889
5368  7788.772350800166
5376  7775.458931007923
5384  7761.453476856879
5392  7746.84379325396
5400  7731.730837803233
5408  7716.22851723802
5416  7700.4633350169415
5424  7684.573882904585
5432  7668.710170316256
5440  7653.032786298533
5448  7637.711890236074
5456  7622.926028726777
5464  7608.860777546535
5472  7595.707209227164
5480  7583.660188497797
5488  7572.916499680151
5496  7563.672812075642
5504  7556.1234914329425
5512  7550.458267721587
5520  7546.859771653953
5528  7545.500954677911
5536  7546.542409493898
5544  7550.129610510776
5552  7556.390096033012
5560  7565.43061633789
5568  7577.334274147995
5576  7592.157686286351
5584  7609.928197516688
5592  7630.641179675201
5600  7654.257451171225
5608  7680.700853745063
5616  7709.856024982282
5624  7741.566406471888
5632  7775.632528620817
5640  7811.810613968314
5648  7849.811541344789
5656  7889.300213356968
5664  7929.895369416334
5672  7971.169885831884
5680  8012.651603318555
5688  8053.824720603152
5696  8094.131790605591
5704  8132.976352899768
5712  8169.726232796393
5720  8203.717533402873
5728  8234.259342390553
5736  8260.639169906512
5744  8282.12912810669
5752  8297.992856126855
5760  8307.49318696546
5768  8309.90054471432
5776  8304.502051846244
5784  8290.611316878658
5792  8267.578862683378
5800  8234.80314505864
5808  8191.742099927425
5816  8137.925145761924
5824  8072.965555582218
5832  7996.573100235454
5840  7908.566851684624
5848  7808.888021849108
5856  7697.612699203926
5864  7574.964332031967
5872  7441.325794013774
5880  7297.250854912814
5888  7143.474866614534
5896  6980.924462877959
5904  6810.726060045878
5912  6634.2129358435905
5920  6452.930654465533
5928  6268.6405986654445
5936  6083.321363738507
5944  5899.167764373061
5952  5718.587203640507
5960  5544.1931541116655
5968  5378.795504561706
5976  5225.3875322090735
5984  5087.129270264814
5992  4967.327053961764
6000  4869.409045585395
6008  4796.896560559932
6016  4753.371042672649
6024  4742.436567333868
6032  4767.677787611502
6040  4832.613278922706
6048  4940.6442849540135
6056  5094.998919756104
6064  5298.671939270671
6072  5554.360259873096
6080  5864.3944720007985
6088  6230.666673504077
6096  6654.555030194965
6104  7136.845559843756
6112  7677.651730630659
6120  8276.33256545379
6128  8931.41004920701
6136  9640.486746765026
6144  10400.164654377739
6152  11205.96642583452
6160  12052.260236268246
6168  12932.1896700077
6176  13837.61014315806
6184  14759.0334955988
6192  15685.582509121901
6200  16604.95722713565
6208  17503.415064708213
6216  18365.76680386196
6224  19175.39066545275
6232  19914.266733799093
6240  20563.03407965135
6248  21101.072979820656
6256  21506.614662630698
6264  21756.88101579105
6272  21828.256672165495
6280  21696.495835988728
6288  21336.966123105485
6296  20724.93155887799
6304  19835.87670241615
6312  18645.87364014387
6320  17131.99331092548
6328  15272.762283054357
6336  13048.66569525277
6344  10442.696593649336
6352  7216.4111328125
6360  4033.2701148081474
6368  213.92084324831387
6376  -4017.67602432889
6384  -8656.18528438038
6392  -13689.561814190532
6400  -19098.228085789062
6408  -24854.23124614307
6416  -30920.388026448087
6424  -37249.42724369304
6432  -43783.14128171022
6440  -50451.559689717804
6448  -57172.15991143312
6456  -63849.13215685876
6464  -70372.71754756269
6472  -76618.6408993055
6480  -82447.66184381518
6488  -87705.27042484887
6496  -92221.55581590952
6504  -95811.2793834706
6512  -98274.18593229818
6520  -99395.58959825407
6528  -98947.2734607451
6536  -96688.74449633967
6544  -92368.8879411425
6552  -85728.06741955921
6560  -76500.71926993117
6568  -64418.49128382961
6576  -49213.97749343616
6584  -30625.101599368976
6592  -8400.20202555207
6600  17696.128703009366
6608  47876.398670180606
6616  82322.71585289296
6624  121178.38567935747
6632  164538.565102889
6640  212439.93751457013
6648  264849.3806779588
6656  321651.60976916144
6664  382635.78984154196
6672  447481.1269284871
6680  515741.46491152886
6688  586828.9366130938
6696  659996.7427583343
6704  734321.1619850685
6712  808682.9294715311
6720  881748.161621894
6728  951949.0502090344
6736  1017464.6021332897
6744  1076201.7613240436
6752  1125777.3180637653
6760  1163501.0891421114
6768  1186360.9407336062
6776  1191010.3258096722
6784  1173759.1204986023
6792  1130568.6703563868
6800  1057052.0994383967
6808  948481.0939255271
6816  799800.5495275247
6824  605652.6697547424
6832  360412.3224536661
6840  58235.70680068234
6848  -306875.3453690872
6856  -740990.8089961366
6864  -1250148.6879951514
6872  -1840226.6941222227
6880  -2516785.6501588486
6888  -3284880.4372281437
6896  -4148833.81297116
6904  -5111967.8849826185
6912  -6176287.428087828
6920  -7342108.580117466
6928  -8607625.733788202
6936  -9968408.65693452
6944  -11416821.013809547
6952  -12941350.520225277
6960  -14525839.938746506
6968  -16148606.999260733
6976  -17781440.10792072
6984  -19388455.37532371
6992  -20924799.044018544
7000  -22335177.816827513
7008  -23552197.870844107
7016  -24494491.47648265
7024  -25064608.11552977
7032  -25146644.79370893
7040  -24603587.859667093
7048  -23274336.05825855
7056  -20970371.747680556
7064  -17472044.180678826
7072  -12524425.472412359
7080  -5832696.33416362
