0  6625.02734375
8  6511.110406198766
16  6403.452072621775
24  6301.848832960543
32  6206.101844866941
40  6116.016856004601
48  6031.404127281644
56  5952.078357006967
64  5877.858605962544
72  5808.568223383937
80  5744.034773841657
88  5684.089965015582
96  5628.569576355105
104  5577.313388617513
112  5530.165114277027
120  5486.972328797372
128  5447.586402760182
136  5411.862434842413
144  5379.6591856349005
152  5350.83901229519
160  5325.2678040276005
168  5302.814918382879
176  5283.353118370658
184  5266.758510377612
192  5252.910482884218
200  5241.691645973134
208  5232.9877716221
216  5226.687734774595
224  5222.68345518155
232  5220.8698400064995
240  5221.144727188431
248  5223.408829554676
256  5227.565679677482
264  5233.521575467568
272  5241.185526497845
280  5250.469201050882
288  5261.286873883237
296  5273.555374700541
304  5287.194037336112
312  5302.124649627495
320  5318.271403983721
328  5335.560848637342
336  5353.921839574664
344  5373.285493137825
352  5393.5851392927425
360  5414.756275555947
368  5436.736521575067
376  5459.465574355851
384  5482.885164130136
392  5506.939010858491
400  5531.572781361261
408  5556.734047072343
416  5582.3722424093885
424  5608.43862375439
432  5634.886229039132
440  5661.669837929101
448  5688.745932600284
456  5716.072659102921
464  5743.609789306458
472  5771.318683419852
480  5799.162253081551
488  5827.104925013529
496  5855.112605233431
504  5883.152643819613
512  5911.1938002231345
520  5939.206209121269
528  5967.1613468070545
536  5995.031998109327
544  6022.7922238378005
552  6050.417328747725
560  6077.883830018805
568  6105.169426242976
576  6132.252966915738
584  6159.114422425681
592  6185.734854537105
600  6212.09638736031
608  6238.182178804521
616  6263.976392508226
624  6289.464170241789
632  6314.631604777314
640  6339.4657132206
648  6363.954410800216
656  6388.086485108779
664  6411.851570791305
672  6435.240124675822
680  6458.2434013413185
688  6480.8534291181995
696  6503.062986516316
704  6524.865579075891
712  6546.255416636481
720  6567.227391019282
728  6587.777054118065
736  6607.9005963940535
744  6627.594825770131
752  6646.857146919731
760  6665.6855409458585
768  6684.0785454456745
776  6702.035234956159
784  6719.5552017763075
792  6736.638537161484
800  6753.2858128853995
808  6769.498063165505
816  6785.276766947153
824  6800.623830542524
832  6815.541570619713
840  6830.032697537963
848  6844.100299024575
856  6857.747824189506
864  6870.979067873209
872  6883.798155323922
880  6896.209527199833
888  6908.2179248924995
896  6919.828376167088
904  6931.046181115588
912  6941.876898418999
920  6952.326331914389
928  6962.400517463056
936  6972.105710115734
944  6981.448371571028
952  6990.435157923161
960  6999.072907695341
968  7007.3686301547805
976  7015.329493905653
984  7022.962815756361
992  7030.276049857199
1000  7037.276777104875
1008  7043.972694810239
1016  7050.371606625437
1024  7056.481412727077
1032  7062.310100251734
1040  7067.865733980226
1048  7073.156447267231
1056  7078.190433212697
1064  7082.9759360716025
1072  7087.521242898571
1080  7091.834675424087
1088  7095.9245821587565
1096  7099.799330722365
1104  7103.467300394378
1112  7106.936874882615
1120  7110.216435306779
1128  7113.314353393628
1136  7116.238984880524
1144  7118.99866312429
1152  7121.601692912087
1160  7124.056344471178
1168  7126.370847674564
1176  7128.553386439327
1184  7130.612093314648
1192  7132.555044256452
1200  7134.390253585669
1208  7136.125669127226
1216  7137.769167526601
1224  7139.3285497412835
1232  7140.811536703968
1240  7142.225765154846
1248  7143.578783639931
1256  7144.878048672775
1264  7146.13092105661
1272  7147.344662364269
1280  7148.526431573026
1288  7149.683281851745
1296  7150.822157497508
1304  7151.9498910191505
1312  7153.073200364985
1320  7154.198686292125
1328  7155.332829874747
1336  7156.481990148819
1344  7157.652401890603
1352  7158.850173526498
1360  7160.081285171708
1368  7161.351586795183
1376  7162.6667965084625
1384  7164.032498975916
1392  7165.454143944008
1400  7166.937044887192
1408  7168.486377768044
1416  7170.107179909333
1424  7171.804348975671
1432  7173.582642062479
1440  7175.446674889993
1448  7177.400921099998
1456  7179.4497116532
1464  7181.597234324862
1472  7183.847533296677
1480  7186.2045088426175
1488  7188.6719171066525
1496  7191.253369970269
1504  7193.952335007595
1512  7196.772135526202
1520  7199.715950691406
1528  7202.7868157321
1536  7205.987622226149
1544  7209.321118463302
1552  7212.78990988368
1560  7216.396459589942
1568  7220.143088931155
1576  7224.031978156513
1584  7228.065167137018
1592  7232.244556153261
1600  7236.571906747497
1608  7241.048842638166
1616  7245.676850695136
1624  7250.457281973783
1632  7255.3913528063185
1640  7260.480145948486
1648  7265.724611780031
1656  7271.125569557187
1664  7276.683708715544
1672  7282.399590221659
1680  7288.273647971773
1688  7294.306190236015
1696  7300.4974011465265
1704  7306.8473422279685
1712  7313.355953968772
1720  7320.023057431728
1728  7326.848355902315
1736  7333.831436573336
1744  7340.971772264337
1752  7348.268723174452
1760  7355.721538667156
1768  7363.329359085524
1776  7371.091217596685
1784  7379.006042064029
1792  7387.072656945806
1800  7395.289785218814
1808  7403.6560503258925
1816  7412.169978145831
1824  7420.829998984487
1832  7429.634449585857
1840  7438.581575161784
1848  7447.669531439187
1856  7456.896386723503
1864  7466.260123977198
1872  7475.7586429122175
1880  7485.389762095132
1888  7495.151221063923
1896  7505.040682455238
1904  7515.055734141091
1912  7525.193891373791
1920  7535.452598938181
1928  7545.829233310065
1936  7556.321104819761
1944  7566.925459819843
1952  7577.639482856039
1960  7588.460298840266
1968  7599.384975224914
1976  7610.41052417736
1984  7621.533904753857
1992  7632.752025071758
2000  7644.061744479385
2008  7655.4598757223985
2016  7666.943187106036
2024  7678.508404652218
2032  7690.15221425078
2040  7701.871263803932
2048  7713.662165363221
2056  7725.521497258156
2064  7737.44580621572
2072  7749.431609470099
2080  7761.475396861763
2088  7773.573632925225
2096  7785.722758964842
2104  7797.919195117845
2112  7810.159342403971
2120  7822.4395847610585
2128  7834.756291065906
2136  7847.105817139777
2144  7859.484507737951
2152  7871.888698522667
2160  7884.314718018936
2168  7896.758889552535
2176  7909.217533169767
2184  7921.68696753829
2192  7934.163511828579
2200  7946.643487575455
2208  7959.123220519161
2216  7971.599042425545
2224  7984.067292884807
2232  7996.524321088383
2240  8008.966487583481
2248  8021.3901660048605
2256  8033.791744783401
2264  8046.167628831056
2272  8058.514241201798
2280  8070.82802472812
2288  8083.105443632819
2296  8095.342985115548
2304  8107.537160913954
2312  8119.684508838921
2320  8131.7815942836605
2328  8143.8250117063435
2336  8155.811386085939
2344  8167.737374351009
2352  8179.599666781091
2360  8191.394988380573
2368  8203.120100224598
2376  8214.77180077696
2384  8226.346927179568
2392  8237.842356513438
2400  8249.255007030888
2408  8260.58183935874
2416  8271.819857672446
2424  8282.96611084085
2432  8294.017693541491
2440  8304.97174734626
2448  8315.825461777307
2456  8326.576075333027
2464  8337.220876484016
2472  8347.757204638956
2480  8358.182451080209
2488  8368.494059869094
2496  8378.689528720834
2504  8388.766409849
2512  8398.72231077941
2520  8408.554895133537
2528  8418.26188338124
2536  8427.841053562912
2544  8437.290241980996
2552  8446.607343860758
2560  8455.790313980508
2568  8464.837167271127
2576  8473.745979384967
2584  8482.514887234174
2592  8491.142089498442
2600  8499.625847102252
2608  8507.964483661699
2616  8516.156385900862
2624  8524.20000403792
2632  8532.093852141017
2640  8539.83650845396
2648  8547.426615691926
2656  8554.862881307183
2664  8562.144077725034
2672  8569.269042550055
2680  8576.236678742747
2688  8583.045954766792
2696  8589.695904707045
2704  8596.185628358387
2712  8602.514291285612
2720  8608.681124854571
2728  8614.685426234679
2736  8620.52655837302
2744  8626.20394994019
2752  8631.717095248181
2760  8637.065554140376
2768  8642.248951853991
2776  8647.266978855108
2784  8652.119390646536
2792  8656.806007548821
2800  8661.326714454486
2808  8665.681460555914
2816  8669.870259046993
2824  8673.89318679891
2832  8677.750384010234
2840  8681.442053831664
2848  8684.968461965653
2856  8688.32993624122
2864  8691.526866164284
2872  8694.55970244368
2880  8697.428956493348
2888  8700.13519991085
2896  8702.679063932592
2904  8705.06123886605
2912  8707.282473499365
2920  8709.34357448858
2928  8711.245405722872
2936  8712.988887668134
2944  8714.574996689249
2952  8716.004764351364
2960  8717.279276700567
2968  8718.39967352432
2976  8719.367147591938
2984  8720.182943875603
2992  8720.848358752184
3000  8721.364739186272
3008  8721.733481894793
3016  8721.956032493637
3024  8722.033884626619
3032  8721.968579077185
3040  8721.761702863287
3048  8721.414888315794
3056  8720.929812140845
3064  8720.308194466557
3072  8719.55179787449
3080  8718.662426416264
3088  8717.641924615802
3096  8716.492176457521
3104  8715.215104360985
3112  8713.812668142382
3120  8712.286863963269
3128  8710.639723267039
3136  8708.873311703464
3144  8706.98972804188
3152  8704.991103073293
3160  8702.879598501937
3168  8700.657405826763
3176  8698.32674521319
3184  8695.889864355608
3192  8693.349037331142
3200  8690.70656344502
3208  8687.964766068088
3216  8685.125991466832
3224  8682.192607626452
3232  8679.167003067372
3240  8676.051585655676
3248  8672.848781407896
3256  8669.561033290664
3264  8666.19080001562
3272  8662.74055483009
3280  8659.212784303929
3288  8655.60998711309
3296  8651.934672820265
3304  8648.18936065316
3312  8644.376578280768
3320  8640.498860588215
3328  8636.558748450549
3336  8632.558787505946
3344  8628.501526928863
3352  8624.38951820352
3360  8620.225313898238
3368  8616.011466441005
3376  8611.750526896873
3384  8607.445043747488
3392  8603.097561673356
3400  8598.710620339172
3408  8594.286753182818
3416  8589.828486208307
3424  8585.338336783345
3432  8580.818812441761
3440  8576.272409691419
3448  8571.70161282794
3456  8567.1088927548
3464  8562.496705810188
3472  8557.867492601043
3480  8553.22367684483
3488  8548.567664219383
3496  8543.901841221345
3504  8539.228574033557
3512  8534.550207401964
3520  8529.86906352235
3528  8525.187440937396
3536  8520.507613444506
3544  8515.831829014833
3552  8511.162308723851
3560  8506.50124569403
3568  8501.850804049951
3576  8497.213117886293
3584  8492.590290249122
3592  8487.984392130902
3600  8483.397461479646
3608  8478.83150222254
3616  8474.288483304574
3624  8469.77033774251
3632  8465.278961694508
3640  8460.81621354601
3648  8456.383913012043
3656  8451.983840256478
3664  8447.1083984375
3672  8443.287295817287
3680  8438.994179023368
3688  8434.739998150242
3696  8430.526323013393
3704  8426.354678969014
3712  8422.226546162176
3720  8418.1433587948
3728  8414.106504413903
3736  8410.117323220353
3744  8406.177107398536
3752  8402.287100467283
3760  8398.448496652267
3768  8394.662440280388
3776  8390.930025196303
3784  8387.252294201471
3792  8383.63023851603
3800  8380.064797263816
3808  8376.556856980775
3816  8373.107251147121
3824  8369.716759743453
3832  8366.386108831231
3840  8363.115970157703
3848  8359.906960785713
3856  8356.759642748617
3864  8353.674522730462
3872  8350.652051771824
3880  8347.692625001422
3888  8344.79658139385
3896  8341.964203553542
3904  8339.195717525301
3912  8336.49129263153
3920  8333.851041336431
3928  8331.275019137316
3936  8328.763224483273
3944  8326.315598721345
3952  8323.932026070404
3960  8321.612333622923
3968  8319.356291374761
3976  8317.163612283157
3984  8315.03395235306
3992  8312.966910751948
4000  8310.96202995326
4008  8309.0187959086
4016  8307.136638248754
4024  8305.314930513714
4032  8303.552990411763
4040  8301.850080107724
4048  8300.205406540446
4056  8298.61812176962
4064  8297.087323351992
4072  8295.612054746987
4080  8294.191305751889
4088  8292.82401296648
4096  8291.509060287306
4104  8290.245279431481
4112  8289.03145049013
4120  8287.866302511402
4128  8286.74851411309
4136  8285.67671412481
4144  8284.649482259769
4152  8283.665349816005
4160  8282.722800407128
4168  8281.820270722432
4176  8280.956151316419
4184  8280.128787427524
4192  8279.336479826097
4200  8278.577485691398
4208  8277.850019517611
4216  8277.152254048751
4224  8276.482321242247
4232  8275.838313261156
4240  8275.218283494825
4248  8274.620247607809
4256  8274.042184616945
4264  8273.482037996331
4272  8272.93771681002
4280  8272.4070968723
4288  8271.888021935232
4296  8271.378304903312
4304  8270.87572907495
4312  8270.378049410569
4320  8269.882993826992
4328  8269.388264517942
4336  8268.891539300248
4344  8268.390472985555
4352  8267.882698777163
4360  8267.365829691722
4368  8266.83746000541
4376  8266.295166724225
4384  8265.736511078128
4392  8265.159040038507
4400  8264.560287858742
4408  8263.937777637328
4416  8263.289022903242
4424  8262.611529223104
4432  8261.902795829616
4440  8261.160317270957
4448  8260.381585080573
4456  8259.564089466905
4464  8258.70532102259
4472  8257.80277245259
4480  8256.853940320732
4488  8255.856326814177
4496  8254.807441525198
4504  8253.70480324974
4512  8252.545941802191
4520  8251.328399845781
4528  8250.049734737948
4536  8248.707520390122
4544  8247.29934914128
4552  8245.822833644532
4560  8244.275608766247
4568  8242.65533349688
4576  8240.959692872873
4584  8239.186399908946
4592  8237.333197540012
4600  8235.397860571999
4608  8233.378197640805
4616  8231.272053178642
4624  8229.077309387008
4632  8226.791888215366
4640  8224.413753344914
4648  8221.940912176395
4656  8219.371417821283
4664  8216.70337109538
4672  8213.934922513947
4680  8211.064274287539
4688  8208.089682317532
4696  8205.009458190527
4704  8201.821971170617
4712  8198.525650188498
4720  8195.118985826644
4728  8191.600532299306
4736  8187.968909426504
4744  8184.222804600878
4752  8180.360974746458
4760  8176.382248268146
4768  8172.285526990958
4776  8168.069788087889
4784  8163.734085995243
4792  8159.277554314349
4800  8154.699407698481
4808  8149.9989437238755
4816  8145.175544743524
4824  8140.228679722707
4832  8135.157906054929
4840  8129.9628713570755
4848  8124.643315242465
4856  8119.19907107061
4864  8113.630067672354
4872  8107.93633104901
4880  8102.117986044292
4888  8096.17525798758
4896  8090.108474307195
4904  8083.918066112319
4912  8077.604569742071
4920  8071.168628280452
4928  8064.610993035531
4936  8057.932524981591
4944  8051.134196162626
4952  8044.217091055694
4960  8037.182407892734
4968  8030.0314599390895
4976  8022.7656767273575
4984  8015.3866052449175
4992  8007.895911073495
5000  8000.295379479226
5008  7992.586916451479
5016  7984.772549688876
5024  7976.854429530748
5032  7968.834829832356
5040  7960.716148782148
5048  7952.500909659311
5056  7944.191761529864
5064  7935.791479879463
5072  7927.302967181154
5080  7918.729253396238
5088  7910.073496406388
5096  7901.338982375142
5104  7892.529126036896
5112  7883.6474709114855
5120  7874.6976894424015
5128  7865.683583056698
5136  7856.609082144613
5144  7847.478245956905
5152  7838.295262417882
5160  7829.064447852035
5168  7819.790246622332
5176  7810.477230677933
5184  7801.130099009312
5192  7791.753677008637
5200  7782.35291573324
5208  7772.93289106997
5216  7763.498802798337
5224  7754.05597355006
5232  7744.609847662937
5240  7735.165989926643
5248  7725.730084218235
5256  7716.307932025034
5264  7706.905450852505
5272  7697.528672514866
5280  7688.183741305922
5288  7678.876912047806
5296  7669.614548015172
5304  7660.403118732362
5312  7651.249197641042
5320  7642.159459635968
5328  7633.140678466052
5336  7624.199723998489
5344  7615.343559343177
5352  7606.579237834903
5360  7597.913899870604
5368  7589.35476959917
5376  7580.909151461022
5384  7572.584426574729
5392  7564.388048968095
5400  7556.327541650827
5408  7548.410492526005
5416  7540.644550137764
5424  7533.03741925199
5432  7525.596856267586
5440  7518.33066445517
5448  7511.24668902034
5456  7504.3528119886905
5464  7497.65694690954
5472  7491.1670333754055
5480  7484.891031354203
5488  7478.836915331224
5496  7473.01266825773
5504  7467.42627530317
5512  7462.0857174078665
5520  7456.998964633015
5528  7452.1739693049
5536  7447.6186589501285
5544  7443.340929018601
5552  7439.348635391063
5560  7435.649586667926
5568  7432.251536236038
5576  7429.162174110211
5584  7426.389118545926
5592  7423.939907420108
5600  7421.82198937639
5608  7420.042714731434
5616  7418.609326138983
5624  7417.528949008054
5632  7416.808581671739
5640  7416.455085303173
5648  7416.475173575022
5656  7416.875402058935
5664  7417.662157361285
5672  7418.8416459916
5680  7420.41988295999
5688  7422.40268009985
5696  7424.7956341120935
5704  7427.60411432716
5712  7430.833250181012
5720  7434.487918401289
5728  7438.572729899749
5736  7443.092016367161
5744  7448.049816566647
5752  7453.449862321675
5760  7459.2955641945955
5768  7465.589996851783
5776  7472.3358841113795
5784  7479.535583669532
5792  7487.191071501071
5800  7495.303925930467
5808  7503.875311369017
5816  7512.90596171396
5824  7522.3961634053985
5832  7532.345738136745
5840  7542.754025214489
5848  7553.619863562882
5856  7564.941573369324
5864  7576.716937366019
5872  7588.943181743541
5880  7601.616956691876
5888  7614.734316564494
5896  7628.290699661005
5904  7642.280907623811
5912  7656.69908444426
5920  7671.538695073776
5928  7686.792503635184
5936  7702.45255122988
5944  7718.510133335806
5952  7734.955776791956
5960  7751.779216364218
5968  7768.9693708883015
5976  7786.514318984318
5984  7804.401274338981
5992  7822.616560549746
6000  7841.145585526604
6008  7859.972815446376
6016  7879.081748254379
6024  7898.454886708949
6032  7918.073710963208
6040  7937.918650679554
6048  7957.969056671391
6056  7978.203172067227
6064  7998.598102991881
6072  8019.129788759584
6080  8039.772971573884
6088  8060.501165728962
6096  8081.2866263071155
6104  8102.100317367191
6112  8122.911879618462
6120  8143.689597574564
6128  8164.400366182348
6136  8185.009656919766
6144  8205.481483357611
6152  8225.778366179507
6160  8245.861297654606
6168  8265.689705557292
6176  8285.221416528475
6184  8304.412618872493
6192  8323.217824784528
6200  8341.589832001871
6208  8359.479684874354
6216  8376.836634847194
6224  8393.608100351064
6232  8409.739626093271
6240  8425.174841744147
6248  8439.855420012515
6256  8453.721034105029
6264  8466.709314562213
6272  8478.755805466059
6280  8489.793920012857
6288  8499.754895444985
6296  8508.567747335685
6304  8516.159223220473
6312  8522.453755569333
6320  8527.37341409278
6328  8530.837857376191
6336  8532.76428383559
6344  8533.067381988867
6352  8531.659280035678
6360  8528.449494739907
6368  8523.344879607954
6376  8516.249572356563
6384  8507.064941663408
6392  8495.689533194172
6400  8482.01901489899
6408  8465.946121572286
6416  8447.360598668503
6424  8426.149145367704
6432  8402.19535688396
6440  8375.379666009587
6448  8345.579283888457
6456  8312.668140011972
6464  8276.516821429846
6472  8236.992511169636
6480  8193.958925857518
6488  8147.276252533245
6496  8096.801084652773
6504  8042.386357270502
6512  7983.881281394949
6520  7921.131277509909
6528  7853.977908254474
6536  7782.2588102540785
6544  7705.8076250956765
6552  7624.453929439631
6560  7538.023164260682
6568  7446.336563210998
6576  7349.211080097317
6584  7246.459315465236
6592  7137.889442282662
