0  6625.02734375
8  6607.6014872251735
16  6590.605796344076
24  6574.036146490186
32  6557.888434325932
40  6542.1585777433575
48  6526.842515814779
56  6511.936208743436
64  6497.435637814164
72  6483.3368053440445
80  6469.6357346330715
88  6456.3284699148
96  6443.4110763070275
104  6430.879639762418
112  6418.730267019204
120  6406.959085551809
128  6395.562243521528
136  6384.535909727188
144  6373.876273555788
152  6363.5795449331845
160  6353.641954274733
168  6344.059752435942
176  6334.829210663169
184  6325.94662054423
192  6317.408293959093
200  6309.210563030529
208  6301.349780074771
216  6293.822317552166
224  6286.624568017851
232  6279.7529440723965
240  6273.203878312478
248  6266.973823281522
256  6261.059251420377
264  6255.456655017977
272  6250.162546161987
280  6245.173456689466
288  6240.4859381375345
296  6236.096561694036
304  6232.001918148169
312  6228.1986178411935
320  6224.683290617049
328  6221.452585773032
336  6218.50317201045
344  6215.831737385287
352  6213.434989258866
360  6211.309654248495
368  6209.452478178135
376  6207.860226029067
384  6206.529681890522
392  6205.457648910384
400  6204.640949245822
408  6204.076424013945
416  6203.760933242489
424  6203.691355820435
432  6203.864589448713
440  6204.277550590836
448  6204.927174423556
456  6205.810414787538
464  6206.92424413802
472  6208.2656534954585
480  6209.831652396193
488  6211.619268843112
496  6213.625549256307
504  6215.847558423738
512  6218.28237945189
520  6220.927113716423
528  6223.778880812845
536  6226.834818507167
544  6230.092082686556
552  6233.547847310012
560  6237.199304359002
568  6241.043663788143
576  6245.078153475851
584  6249.300019174994
592  6253.706524463574
600  6258.294950695353
608  6263.062596950551
616  6268.006779986468
624  6273.124834188172
632  6278.414111519138
640  6283.871981471938
648  6289.49583101885
656  6295.283064562575
664  6301.231103886849
672  6307.33738810713
680  6313.599373621255
688  6320.014534060088
696  6326.580360238185
704  6333.294360104464
712  6340.15405869284
720  6347.156998072917
728  6354.300737300614
736  6361.582852368853
744  6369.000936158196
752  6376.552598387526
760  6384.235465564682
768  6392.047180937147
776  6399.985404442677
784  6408.047812659991
792  6416.232098759399
800  6424.535972453502
808  6432.957159947796
816  6441.493403891382
824  6450.142463327618
832  6458.902113644731
840  6467.770146526551
848  6476.744369903113
856  6485.822607901333
864  6495.002700795685
872  6504.282504958827
880  6513.659892812294
888  6523.132752777141
896  6532.698989224592
904  6542.356522426731
912  6552.103288507125
920  6561.93723939151
928  6571.856342758448
936  6581.858581989964
944  6591.94195612223
952  6602.104479796217
960  6612.3441832083545
968  6622.6591120611865
976  6633.047327514028
984  6643.506906133646
992  6654.035939844891
1000  6664.632535881371
1008  6675.294816736109
1016  6686.020920112203
1024  6696.8089988734855
1032  6707.6572209951855
1040  6718.563769514574
1048  6729.526842481645
1056  6740.544652909766
1064  6751.615428726328
1072  6762.737412723418
1080  6773.908862508467
1088  6785.128050454927
1096  6796.393263652917
1104  6807.702803859878
1112  6819.0549874512435
1120  6830.448145371098
1128  6841.880623082834
1136  6853.350780519807
1144  6864.856992036004
1152  6876.397646356697
1160  6887.971146529102
1168  6899.575909873039
1176  6911.210367931597
1184  6922.872966421795
1192  6934.562165185224
1200  6946.276438138727
1208  6958.014273225047
1216  6969.774172363492
1224  6981.554651400584
1232  6993.354240060739
1240  7005.171481896915
1248  7017.004934241254
1256  7028.853168155774
1264  7040.714768383008
1272  7052.588333296669
1280  7064.472474852306
1288  7076.365818537972
1296  7088.267003324876
1304  7100.17468161804
1312  7112.087519206972
1320  7124.00419521631
1328  7135.923402056488
1336  7147.843845374399
1344  7159.764244004051
1352  7171.683329917224
1360  7183.599848174136
1368  7195.512556874094
1376  7207.420227106167
1384  7219.321642899825
1392  7231.215601175623
1400  7243.100911695839
1408  7254.976397015147
1416  7266.840892431266
1424  7278.693245935638
1432  7290.53231816406
1440  7302.35698234737
1448  7314.166124262091
1456  7325.958642181096
1464  7337.733446824263
1472  7349.489461309145
1480  7361.225621101611
1488  7372.940873966528
1496  7384.634179918404
1504  7396.304511172058
1512  7407.95085209326
1520  7419.572199149423
1528  7431.167560860237
1536  7442.735957748337
1544  7454.276422289954
1552  7465.787998865599
1560  7477.269743710694
1568  7488.720724866234
1576  7500.140022129477
1584  7511.526727004574
1592  7522.879942653225
1600  7534.198783845366
1608  7545.4823769098075
1616  7556.729859684899
1624  7567.940381469187
1632  7579.113102972082
1640  7590.247196264505
1648  7601.341844729565
1656  7612.396243013194
1664  7623.409596974834
1672  7634.381123638074
1680  7645.310051141328
1688  7656.195618688473
1696  7667.037076499533
1704  7677.833685761314
1712  7688.584718578089
1720  7699.28945792224
1728  7709.947197584916
1736  7720.557242126694
1744  7731.118906828266
1752  7741.631517641052
1760  7752.094411137898
1768  7762.506934463707
1776  7772.8684452861235
1784  7783.178311746181
1792  7793.435912408956
1800  7803.640636214237
1808  7813.791882427182
1816  7823.889060588971
1824  7833.931590467477
1832  7843.918902007923
1840  7853.85043528353
1848  7863.725640446189
1856  7873.543977677118
1864  7883.304917137514
1872  7893.0079389192315
1880  7902.652532995413
1888  7912.2381991711745
1896  7921.764447034255
1904  7931.230795905667
1912  7940.636774790374
1920  7949.981922327945
1928  7959.265786743199
1936  7968.487925796887
1944  7977.647906736327
1952  7986.745306246089
1960  7995.77971039864
1968  8004.750714605003
1976  8013.657923565417
1984  8022.500951220003
1992  8031.279420699422
2000  8039.9929642755305
2008  8048.641223312032
2016  8057.223848215157
2024  8065.740498384314
2032  8074.1908421627395
2040  8082.574556788171
2048  8090.891328343484
2056  8099.140851707393
2064  8107.322830505062
2072  8115.436977058808
2080  8123.483012338729
2088  8131.460665913373
2096  8139.369675900406
2104  8147.209788917266
2112  8154.980760031812
2120  8162.682352713005
2128  8170.314338781544
2136  8177.876498360549
2144  8185.3686198261985
2152  8192.790499758408
2160  8200.14194289147
2168  8207.42276206474
2176  8214.63277817326
2184  8221.771820118453
2192  8228.839724758765
2200  8235.836336860331
2208  8242.761509047621
2216  8249.615101754118
2224  8256.39698317296
2232  8263.107029207622
2240  8269.745123422546
2248  8276.311156993841
2256  8282.805028659886
2264  8289.226644672048
2272  8295.575918745302
2280  8301.852772008904
2288  8308.057132957061
2296  8314.188937399567
2304  8320.24812841248
2312  8326.234656288783
2320  8332.148478489029
2328  8337.989559592013
2336  8343.75787124542
2344  8349.453392116508
2352  8355.076107842735
2360  8360.626010982452
2368  8366.103100965523
2376  8371.507384044035
2384  8376.8388732429
2392  8382.097588310562
2400  8387.283555669648
2408  8392.396808367592
2416  8397.437386027344
2424  8402.40533479799
2432  8407.30070730544
2440  8412.123562603074
2448  8416.873966122394
2456  8421.551989623696
2464  8426.157711146738
2472  8430.691214961373
2480  8435.152591518223
2488  8439.54193739935
2496  8443.859355268894
2504  8448.10495382375
2512  8452.278847744214
2520  8456.381157644655
2528  8460.41201002416
2536  8464.371537217212
2544  8468.25987734433
2552  8472.07717426275
2560  8475.823577517049
2568  8479.499242289858
2576  8483.10432935247
2584  8486.639005015533
2592  8490.10344107969
2600  8493.497814786248
2608  8496.822308767836
2616  8500.07711099907
2624  8503.262414747196
2632  8506.378418522767
2640  8509.425326030298
2648  8512.403346118916
2656  8515.312692733032
2664  8518.153584862992
2672  8520.926246495745
2680  8523.630906565493
2688  8526.267798904359
2696  8528.837162193038
2704  8531.339239911464
2712  8533.774280289463
2720  8536.142536257425
2728  8538.44426539694
2736  8540.679729891492
2744  8542.849196477078
2752  8544.952936392898
2760  8546.99122533201
2768  8548.96434339198
2776  8550.872575025538
2784  8552.716208991256
2792  8554.495538304194
2800  8556.210860186564
2808  8557.86247601838
2816  8559.450691288132
2824  8560.975815543443
2832  8562.438162341712
2840  8563.838049200804
2848  8565.175797549675
2856  8566.45173267906
2864  8567.66618369211
2872  8568.81948345507
2880  8569.911968547933
2888  8570.943979215092
2896  8571.915859316
2904  8572.827956275843
2912  8573.680621036196
2920  8574.47420800566
2928  8575.209075010554
2936  8575.885583245552
2944  8576.504097224357
2952  8577.064984730348
2960  8577.568616767243
2968  8578.01536750977
2976  8578.405614254303
2984  8578.739737369555
2992  8579.018120247194
3000  8579.241149252552
3008  8579.409213675242
3016  8579.522705679841
3024  8579.582020256546
3032  8579.587555171827
3040  8579.539710919087
3048  8579.438890669333
3056  8579.285500221824
3064  8579.079947954733
3072  8578.822644775813
3080  8578.51400407304
3088  8578.154441665298
3096  8577.744375753013
3104  8577.284226868825
3112  8576.774417828252
3120  8576.215373680345
3128  8575.60752165833
3136  8574.951291130308
3144  8574.247113549876
3152  8573.495422406802
3160  8572.696653177685
3168  8571.851243276615
3176  8570.95963200582
3184  8570.022260506355
3192  8569.039571708732
3200  8568.012010283586
3208  8566.940022592342
3216  8565.824056637877
3224  8564.66456201517
3232  8563.46198986196
3240  8562.216792809422
3248  8560.929424932803
3256  8559.600341702098
3264  8558.229999932715
3272  8556.818857736112
3280  8555.36737447048
3288  8553.876010691378
3296  8552.345228102424
3304  8550.775489505924
3312  8549.167258753549
3320  8547.521000696988
3328  8545.837181138622
3336  8544.11626678215
3344  8542.358725183292
3352  8540.565024700405
3360  8538.73563444518
3368  8536.871024233284
3376  8534.971664535007
3384  8533.038026425947
3392  8531.070581537662
3400  8529.06980200832
3408  8527.036160433358
3416  8524.970129816156
3424  8522.872183518683
3432  8520.742795212165
3440  8518.58243882775
3448  8516.391588507136
3456  8514.170718553269
3464  8511.92030338099
3472  8509.640817467682
3480  8507.332735303939
3488  8504.996531344234
3496  8502.632679957564
3504  8500.241655378115
3512  8497.823931655921
3520  8495.37998260753
3528  8492.910281766657
3536  8490.41530233483
3544  8487.895517132098
3552  8485.351398547617
3560  8482.783418490377
3568  8480.192048339817
3576  8477.57775889651
3584  8474.941020332819
3592  8472.28230214354
3600  8469.602073096577
3608  8466.900801183601
3616  8464.178953570694
3624  8461.436996549044
3632  8458.675395485554
3640  8455.894614773546
3648  8453.0951177834
3656  8450.27736681321
3664  8447.1083984375
3672  8444.588946467664
3680  8441.719195883035
3688  8438.833028801164
3696  8435.930901418636
3704  8433.013268563724
3712  8430.080583647037
3720  8427.133298612183
3728  8424.171863886431
3736  8421.196728331353
3744  8418.208339193508
3752  8415.207142055082
3760  8412.193580784566
3768  8409.168097487387
3776  8406.131132456609
3784  8403.08312412355
3792  8400.02450900847
3800  8396.955721671216
3808  8393.8771946619
3816  8390.789358471524
3824  8387.692641482676
3832  8384.58746992017
3840  8381.47426780171
3848  8378.353456888555
3856  8375.225456636163
3864  8372.090684144863
3872  8368.949554110519
3880  8365.802478775175
3888  8362.649867877726
3896  8359.492128604574
3904  8356.329665540285
3912  8353.162880618249
3920  8349.992173071345
3928  8346.817939382594
3936  8343.640573235823
3944  8340.460465466333
3952  8337.278004011525
3960  8334.093573861597
3968  8330.9075570102
3976  8327.720332405062
3984  8324.53227589869
3992  8321.34376019901
4000  8318.155154820026
4008  8314.966826032478
4016  8311.77913681452
4024  8308.59244680235
4032  8305.407112240888
4040  8302.223485934435
4048  8299.041917197334
4056  8295.862751804618
4064  8292.686331942674
4072  8289.512996159918
4080  8286.343079317432
4088  8283.176912539635
4096  8280.014823164945
4104  8276.857134696433
4112  8273.704166752475
4120  8270.556235017439
4128  8267.413651192306
4136  8264.276722945364
4144  8261.145753862846
4152  8258.021043399604
4160  8254.902886829752
4168  8251.791575197336
4176  8248.687395267003
4184  8245.590629474635
4192  8242.50155587804
4200  8239.420448107574
4208  8236.347575316842
4216  8233.283202133325
4224  8230.227588609054
4232  8227.180990171271
4240  8224.143657573077
4248  8221.115836844105
4256  8218.097769241176
4264  8215.089691198944
4272  8212.091834280582
4280  8209.104425128422
4288  8206.12768541462
4296  8203.161831791811
4304  8200.207075843771
4312  8197.263624036095
4320  8194.331677666827
4328  8191.411432817126
4336  8188.503080301945
4344  8185.606805620678
4352  8182.722788907806
4360  8179.851204883579
4368  8176.992222804668
4376  8174.146006414816
4384  8171.312713895511
4392  8168.492497816632
4400  8165.685505087119
4408  8162.89187690563
4416  8160.111748711193
4424  8157.345250133888
4432  8154.592504945463
4440  8151.853631010048
4448  8149.128740234778
4456  8146.4179385204525
4464  8143.721325712214
4472  8141.038995550204
4480  8138.371035620201
4488  8135.717527304306
4496  8133.078545731594
4504  8130.454159728758
4512  8127.844431770802
4520  8125.249417931661
4528  8122.669167834889
4536  8120.10372460431
4544  8117.553124814672
4552  8115.017398442316
4560  8112.496568815831
4568  8109.9906525667075
4576  8107.499659580013
4584  8105.023592945035
4592  8102.562448905941
4600  8100.1162168124565
4608  8097.68487907051
4616  8095.268411092888
4624  8092.8667812499025
4632  8090.479950820059
4640  8088.10787394069
4648  8085.750497558643
4656  8083.407761380929
4664  8081.079597825369
4672  8078.765931971279
4680  8076.466681510107
4688  8074.181756696106
4696  8071.911060296987
4704  8069.654487544579
4712  8067.411926085493
4720  8065.183255931778
4728  8062.968349411584
4736  8060.7670711198125
4744  8058.5792778687855
4752  8056.4048186389
4760  8054.243534529299
4768  8052.095258708501
4776  8049.959816365101
4784  8047.837024658398
4792  8045.726692669068
4800  8043.628621349823
4808  8041.542603476064
4816  8039.468423596541
4824  8037.405857984033
4832  8035.354674585974
4840  8033.314632975139
4848  8031.285484300291
4856  8029.266971236844
4864  8027.258827937525
4872  8025.2607799830275
4880  8023.272544332674
4888  8021.293829275075
4896  8019.324334378798
4904  8017.363750443011
4912  8015.411759448147
4920  8013.468034506568
4928  8011.532239813228
4936  8009.60403059632
4944  8007.683053067951
4952  8005.7689443747795
4960  8003.861332548705
4968  8001.959836457494
4976  8000.0640657554795
4984  7998.173620834167
4992  7996.288092772959
5000  7994.407063289753
5008  7992.53010469164
5016  7990.65677982555
5024  7988.786642028919
5032  7986.919235080337
5040  7985.054093150217
5048  7983.190740751449
5056  7981.328692690072
5064  7979.467454015901
5072  7977.6065199732375
5080  7975.74537595148
5088  7973.883497435817
5096  7972.02034995786
5104  7970.155389046329
5112  7968.288060177699
5120  7966.417798726848
5128  7964.544029917746
5136  7962.6661687740825
5144  7960.783620069953
5152  7958.895778280502
5160  7957.002027532581
5168  7955.101741555423
5176  7953.194283631285
5184  7951.279006546126
5192  7949.355252540248
5200  7947.42235325896
5208  7945.4796297032535
5216  7943.52639218044
5224  7941.5619402548255
5232  7939.585562698359
5240  7937.596537441306
5248  7935.594131522897
5256  7933.577601041983
5264  7931.546191107707
5272  7929.4991357901645
5280  7927.435658071051
5288  7925.354969794318
5296  7923.2562716168695
5304  7921.138752959163
5312  7919.001591955916
5320  7916.843955406749
5328  7914.664998726846
5336  7912.463865897609
5344  7910.239689417329
5352  7907.9915902518305
5360  7905.7186777851475
5368  7903.420049770175
5376  7901.094792279316
5384  7898.74197965517
5392  7896.360674461165
5400  7893.949927432226
5408  7891.508777425453
5416  7889.036251370742
5424  7886.531364221493
5432  7883.993118905216
5440  7881.420506274227
5448  7878.8125050563085
5456  7876.168081805345
5464  7873.486190852009
5472  7870.765774254395
5480  7868.005761748705
5488  7865.20507069988
5496  7862.362606052291
5504  7859.477260280365
5512  7856.547913339282
5520  7853.573432615584
5528  7850.552672877899
5536  7847.484476227537
5544  7844.367672049203
5552  7841.201076961614
5560  7837.983494768183
5568  7834.713716407672
5576  7831.390519904862
5584  7828.012670321178
5592  7824.578919705396
5600  7821.088007044269
5608  7817.538658213196
5616  7813.929585926895
5624  7810.25948969003
5632  7806.527055747905
5640  7802.7309570371
5648  7798.869853136149
5656  7794.942390216191
5664  7790.94720099161
5672  7786.882904670732
5680  7782.748106906469
5688  7778.541399746951
5696  7774.261361586236
5704  7769.906557114924
5712  7765.475537270864
5720  7760.966839189738
5728  7756.378986155814
5736  7751.710487552533
5744  7746.959838813208
5752  7742.125521371661
5760  7737.206002612903
5768  7732.199735823775
5776  7727.105160143605
5784  7721.9207005149065
5792  7716.644767633983
5800  7711.27575790162
5808  7705.812053373744
5816  7700.252021712076
5824  7694.594016134784
5832  7688.836375367154
5840  7682.9774235922505
5848  7677.015470401561
5856  7670.948810745679
5864  7664.775724884928
5872  7658.494478340071
5880  7652.1033218429175
5888  7645.600491287023
5896  7638.984207678323
5904  7632.252677085815
5912  7625.404090592194
5920  7618.436624244527
5928  7611.348439004916
5936  7604.13768070114
5944  7596.802479977332
5952  7589.340952244633
5960  7581.751197631845
5968  7574.031300936098
5976  7566.17933157351
5984  7558.193343529845
5992  7550.071375311164
6000  7541.8114498945
6008  7533.411574678507
6016  7524.869741434121
6024  7516.1839262552185
6032  7507.352089509287
6040  7498.372175788068
6048  7489.242113858222
6056  7479.9598166119995
6064  7470.523181017884
6072  7460.930088071263
6080  7451.17840274508
6088  7441.265973940503
6096  7431.19063443757
6104  7420.950200845863
