0  6625.02734375
8  6594.074098734251
16  6564.7061380681625
24  6536.8851807917345
32  6510.573148010129
40  6485.732183972112
48  6462.324676259219
56  6440.313275105829
64  6419.6609118693805
72  6400.330816670284
80  6382.286535219725
88  6365.491944854654
96  6349.911269798753
104  6335.509095665931
112  6322.250383225518
120  6310.10048144694
128  6299.025139839441
136  6288.990520105983
144  6279.963207126603
152  6271.910219288731
160  6264.7990181798805
168  6258.597517659133
176  6253.27409232376
184  6248.797585385502
192  6245.137315972034
200  6242.263085869532
208  6240.145185720094
216  6238.754400688517
224  6238.06201561381
232  6238.039819659019
240  6238.660110472408
248  6239.8956978752685
256  6241.71990708786
264  6244.106581508511
272  6247.0300850579015
280  6250.465304100986
288  6254.387648959816
296  6258.773055029628
304  6263.59798350908
312  6268.839421758381
320  6274.474883295814
328  6280.482407444048
336  6286.840558638275
344  6293.528425407055
352  6300.52561903602
360  6307.812271926688
368  6315.369035658783
376  6323.177078768599
384  6331.218084252055
392  6339.474246802685
400  6347.928269794833
408  6356.563362020957
416  6365.36323419301
424  6374.312095216624
432  6383.394648247566
440  6392.5960865391335
448  6401.902089089044
456  6411.298816094625
464  6420.772904224668
472  6430.311461715759
480  6439.902063301514
488  6449.532744982426
496  6459.191998644051
504  6468.8687665311145
512  6478.552435584695
520  6488.232831650236
528  6497.900213562828
536  6507.545267117254
544  6517.159098929186
552  6526.73323019442
560  6536.259590352443
568  6545.730510660949
576  6555.138717687113
584  6564.47732672213
592  6573.739835124585
600  6582.920115598656
608  6592.012409412748
616  6601.011319564023
624  6609.911803894339
632  6618.709168162727
640  6627.399059079654
648  6635.977457307999
656  6644.440670435677
664  6652.785325924651
672  6661.008364040974
680  6669.1070307704
688  6677.078870723892
696  6684.921720037496
704  6692.633699270478
712  6700.213206306059
720  6707.658909258492
728  6714.969739390527
736  6722.144884044642
744  6729.183779592134
752  6736.086104403198
760  6742.851771841609
768  6749.48092328718
776  6755.973921189488
784  6762.331342155544
792  6768.553970074764
800  6774.642789284152
808  6780.598977776313
816  6786.423900453025
824  6792.119102427482
832  6797.68630237697
840  6803.127385949088
848  6808.444399223721
856  6813.639542232701
864  6818.715162539984
872  6823.673748883793
880  6828.517924883267
888  6833.250442811394
896  6837.8741774359405
904  6842.39211993041
912  6846.807371856647
920  6851.123139220763
928  6855.342726603862
936  6859.46953136912
944  6863.507037946717
952  6867.4588121978295
960  6871.328495858995
968  6875.119801068274
976  6878.836504973922
984  6882.482444427135
992  6886.0615107595195
1000  6889.577644646434
1008  6893.034831057069
1016  6896.437094291963
1024  6899.788493108899
1032  6903.093115937804
1040  6906.355076185287
1048  6909.5785076294205
1056  6912.767559905395
1064  6915.926394082394
1072  6919.059178332185
1080  6922.170083689813
1088  6925.2632799067915
1096  6928.342931396826
1104  6931.413193274651
1112  6934.478207487858
1120  6937.542099042001
1128  6940.608972319097
1136  6943.682907489365
1144  6946.767957016472
1152  6949.868142256011
1160  6952.9874501473405
1168  6956.129829998353
1176  6959.29919036337
1184  6962.499396013685
1192  6965.734265000609
1200  6969.00756581072
1208  6972.323014613031
1216  6975.68427259765
1224  6979.094943405642
1232  6982.558570649523
1240  6986.078635524111
1248  6989.658554507067
1256  6993.30167714876
1264  6997.011283950794
1272  7000.790584332638
1280  7004.642714685828
1288  7008.570736514999
1296  7012.577634665132
1304  7016.666315634336
1312  7020.839605971437
1320  7025.100250757607
1328  7029.450912171351
1336  7033.894168135898
1344  7038.43251104841
1352  7043.068346590009
1360  7047.803992615803
1368  7052.641678124079
1376  7057.583542303746
1384  7062.6316336591135
1392  7067.787909211078
1400  7073.054233773757
1408  7078.43237930566
1416  7083.9240243343365
1424  7089.530753453553
1432  7095.25405689201
1440  7101.095330152527
1448  7107.055873720656
1456  7113.136892841757
1464  7119.339497365332
1472  7125.66470165567
1480  7132.113424567703
1488  7138.686489486846
1496  7145.384624431881
1504  7152.208462219712
1512  7159.158540690827
1520  7166.235302994369
1528  7173.439097931671
1536  7180.770180357171
1544  7188.22871163539
1552  7195.814760153022
1560  7203.528301884846
1568  7211.369221012236
1576  7219.3373105933315
1584  7227.432273283392
1592  7235.65372210441
1600  7244.001181262611
1608  7252.474087012792
1616  7261.071788568246
1624  7269.79354905507
1632  7278.638546509731
1640  7287.605874918638
1648  7296.69454529851
1656  7305.90348681652
1664  7315.231547948784
1672  7324.677497676129
1680  7334.2400267160465
1688  7343.917748789446
1696  7353.709201921194
1704  7363.612849773169
1712  7373.62708300869
1720  7383.7502206871695
1728  7393.980511687766
1736  7404.3161361609145
1744  7414.755207006564
1752  7425.295771377989
1760  7435.93581220998
1768  7446.673249770307
1776  7457.505943233331
1784  7468.431692274587
1792  7479.448238685244
1800  7490.553268005367
1808  7501.744411174752
1816  7513.019246200382
1824  7524.375299839283
1832  7536.482421875
1840  7547.320923932097
1848  7558.905306990967
1856  7570.560537329729
1864  7582.283911164282
1872  7594.072683822226
1880  7605.924071504024
1888  7617.835253051175
1896  7629.80337172042
1904  7641.825536962957
1912  7653.898826207658
1920  7666.020286647363
1928  7678.186937027217
1936  7690.395769434166
1944  7702.643751086572
1952  7714.927826123157
1960  7727.244917390177
1968  7739.591928226082
1976  7751.965744242645
1984  7764.363235101768
1992  7776.781256286977
2000  7789.216650868933
2008  7801.666251263874
2016  7814.126880984362
2024  7826.595356381408
2032  7839.068488377189
2040  7851.543084187582
2048  7864.015949033692
2056  7876.483887841693
2064  7888.943706930092
2072  7901.3922156838535
2080  7913.826228214499
2088  7926.24256500555
2096  7938.638054542651
2104  7951.00953492759
2112  7963.35385547564
2120  7975.667878295556
2128  7987.948479851485
2136  8000.192552506376
2144  8012.397006046045
2152  8024.558769183462
2160  8036.674791042616
2168  8048.742042621445
2176  8060.757518233148
2184  8072.71823692556
2192  8084.621243877841
2200  8096.463611774182
2208  8108.242442153836
2216  8119.9548667372055
2224  8131.59804872733
2232  8143.1691840865005
2240  8154.665502787429
2248  8166.084270038684
2256  8177.422787483875
2264  8188.678394374305
2272  8199.848468714634
2280  8210.930428381294
2288  8221.921732213203
2296  8232.81988107455
2304  8243.622418889336
2312  8254.32693364725
2320  8264.931058380824
2328  8275.43247211339
2336  8285.8289007777
2344  8296.11811810498
2352  8306.29794648411
2360  8316.36625779088
2368  8326.320974186952
2376  8336.160068888468
2384  8345.881566904141
2392  8355.483545742643
2400  8364.9641360891
2408  8374.321522450804
2416  8383.553943771733
2424  8392.659694016016
2432  8401.637122720174
2440  8410.484635514102
2448  8419.200694610732
2456  8427.783819264352
2464  8436.232586197577
2472  8444.545629996894
2480  8452.721643476962
2488  8460.759378013414
2496  8468.657643844506
2504  8476.415310341412
2512  8484.031306247369
2520  8491.504619885689
2528  8498.83429933674
2536  8506.019452584022
2544  8513.059247629344
2552  8519.95291257745
2560  8526.699735689941
2568  8533.299065408886
2576  8539.750310350175
2584  8546.052939266785
2592  8552.206480982193
2600  8558.210524294069
2608  8564.064717848565
2616  8569.768769985285
2624  8575.322448553254
2632  8580.725580698167
2640  8585.978052621038
2648  8591.079809308669
2656  8596.030854236082
2664  8600.831249041305
2672  8605.481113172767
2680  8609.98062350957
2688  8614.330013955032
2696  8618.529575003766
2704  8622.579653282688
2712  8626.480651066231
2720  8630.233025766198
2728  8633.837289396566
2736  8637.294008013594
2744  8640.603801131749
2752  8643.767341115625
2760  8646.785352548513
2768  8649.658611577748
2776  8652.38794523755
2784  8654.9742307495
2792  8657.41839480132
2800  8659.721412804196
2808  8661.884308129274
2816  8663.908151323645
2824  8665.79405930633
2832  8667.543194544784
2840  8669.156764212263
2848  8670.636019326726
2856  8671.982253871543
2864  8673.196803898654
2872  8674.281046614688
2880  8675.236399450398
2888  8676.064319114068
2896  8676.76630062936
2904  8677.343876358107
2912  8677.79861500859
2920  8678.132120629796
2928  8678.346031592304
2936  8678.442019556143
2944  8678.421788426396
2952  8678.28707329684
2960  8678.039639382429
2968  8677.68128094099
2976  8677.213820184754
2984  8676.639106182289
2992  8675.959013751366
3000  8675.175442343334
3008  8674.290314919608
3016  8673.305576820769
3024  8672.223194628905
3032  8671.045155023723
3040  8669.773463633024
3048  8668.410143878158
3056  8666.957235814894
3064  8665.416794970506
3072  8663.790891177425
3080  8662.08160740415
3088  8660.291038584026
3096  8658.421290442382
3104  8656.47447832261
3112  8654.452726011876
3120  8652.358164566878
3128  8650.192931140331
3136  8647.959167808782
3144  8645.659020402134
3152  8643.29463733573
3160  8640.868168445362
3168  8638.381763825779
3176  8635.837572673441
3184  8633.237742133817
3192  8630.584416154012
3200  8627.879734341155
3208  8625.12583082714
3216  8622.324833140285
3224  8619.47886108441
3232  8616.590025625943
3240  8613.660427789537
3248  8610.692157562755
3256  8607.687292810371
3264  8604.64789819878
3272  8601.576024131078
3280  8598.473705693312
3288  8595.342961612361
3296  8592.185793226108
3304  8589.004183466199
3312  8585.800095854056
3320  8582.575473510544
3328  8579.332238179815
3336  8576.072289267764
3344  8572.79750289568
3352  8569.509730969376
3360  8566.21080026442
3368  8562.902511527867
3376  8559.5866385969
3384  8556.264927534865
3392  8552.939095785096
3400  8549.610831343001
3408  8546.281791946756
3416  8542.953604287086
3424  8539.62786323647
3432  8536.306131098207
3440  8532.98993687568
3448  8529.680775562265
3456  8526.38010745214
3464  8523.089357472472
3472  8519.809914537227
3480  8516.543130922997
3488  8513.290321667151
3496  8510.052763988657
3504  8506.831696731833
3512  8503.628319833339
3520  8500.443793812781
3528  8497.279239287067
3536  8494.135736508873
3544  8491.014324929489
3552  8487.916002786204
3560  8484.841726714578
3568  8481.792411385737
3576  8478.768929168948
3584  8475.772109819665
3592  8472.802740193247
3600  8469.86156398453
3608  8466.949281493407
3616  8464.06654941657
3624  8461.21398066559
3632  8458.392144211455
3640  8455.601564955672
3648  8452.842723628066
3656  8450.11605671133
3664  8447.1083984375
3672  8444.760770541381
3680  8442.13280271585
3688  8439.538312194394
3696  8436.977514035618
3704  8434.450579164914
3712  8431.957634488213
3720  8429.498763032909
3728  8427.074004115882
3736  8424.683353538541
3744  8422.326763808986
3752  8420.004144391098
3760  8417.71536198057
3768  8415.460240807779
3776  8413.238562967364
3784  8411.05006877449
3792  8408.894457147582
3800  8406.771386017486
3808  8404.680472762826
3816  8402.621294671433
3824  8400.593389427744
3832  8398.596255625791
3840  8396.629353307837
3848  8394.692104528223
3856  8392.783893942293
3864  8390.904069420198
3872  8389.051942685202
3880  8387.22678997637
3888  8385.42785273524
3896  8383.654338316182
3904  8381.905420720284
3912  8380.180241352222
3920  8378.477909799984
3928  8376.797504636932
3936  8375.138074245946
3944  8373.498637665289
3952  8371.878185455635
3960  8370.275680588136
3968  8368.690059352799
3976  8367.120232287021
3984  8365.565085123644
3992  8364.023479758212
4000  8362.494255234846
4008  8360.976228750313
4016  8359.468196675858
4024  8357.968935596129
4032  8356.477203364879
4040  8354.991740176703
4048  8353.51126965447
4056  8352.034499951726
4064  8350.560124869588
4072  8349.08682498756
4080  8347.613268807594
4088  8346.138113910902
4096  8344.66000812679
4104  8343.177590712983
4112  8341.689493546754
4120  8340.194342326202
4128  8338.690757781022
4136  8337.17735689213
4144  8335.65275411941
4152  8334.115562636902
4160  8332.564395574756
4168  8330.9978672672
4176  8329.414594505819
4184  8327.813197797384
4192  8326.192302625528
4200  8324.550540715498
4208  8322.886551301173
4216  8321.198982393664
4224  8319.486492050632
4232  8317.74774964557
4240  8315.981437136279
4248  8314.186250331666
4256  8312.360900156107
4264  8310.504113910507
4272  8308.614636529273
4280  8306.69123183234
4288  8304.732683771377
4296  8302.737797669397
4304  8300.705401452831
4312  8298.634346875257
4320  8296.523510731902
4328  8294.371796064044
4336  8292.178133352454
4344  8289.941481698894
4352  8287.660829994975
4360  8285.335198077273
4368  8282.963637867962
4376  8280.545234499994
4384  8278.079107425934
4392  8275.564411509506
4400  8273.000338099075
4408  8270.386116081958
4416  8267.721012918852
4424  8265.00433565729
4432  8262.235431923373
4440  8259.413690890697
4448  8256.538544225734
4456  8253.609467008599
4464  8250.625978628408
4472  8247.587643652258
4480  8244.494072666894
4488  8241.344923092216
4496  8238.139899965718
4504  8234.878756696855
4512  8231.56129579062
4520  8228.187369539235
4528  8224.756880681236
4536  8221.269783026948
4544  8217.726082049527
4552  8214.125835440713
4560  8210.469153630329
4568  8206.756200268825
4576  8202.987192671824
4584  8199.162402225991
4592  8195.282154755287
4600  8191.34683084684
4608  8187.356866135535
4616  8183.312751546626
4624  8179.215033495472
4632  8175.064314043685
4640  8170.861251010844
4648  8166.606558041112
4656  8162.301004623887
4664  8157.945416067871
4672  8153.540673427744
4680  8149.087713382788
4688  8144.587528066788
4696  8140.04116484847
4704  8135.449726061879
4712  8130.814368686039
4720  8126.136303973287
4728  8121.416797025664
4736  8116.657166318763
4744  8111.858783172557
4752  8107.023071168538
4760  8102.1515055127875
4768  8097.245612344383
4776  8092.306967988697
4784  8087.337198155173
4792  8082.3379770791025
4800  8077.311026607069
4808  8072.258115225614
4816  8067.181057032822
4824  8062.081710652569
4832  8056.961978090983
4840  8051.8238035350505
4848  8046.669172093008
4856  8041.500108476376
4864  8036.318675623452
4872  8031.126973264167
4880  8025.927136426164
4888  8020.721333882054
4896  8015.51176653783
4904  8010.300665762429
4912  8005.090291658515
4920  7999.882931274535
4928  7994.680896758212
4936  7989.486523451579
4944  7984.302167927832
4952  7979.130205970168
4960  7973.973030492995
4968  7968.8330494057045
4976  7963.7126834195515
4984  7958.614363797967
4992  7953.5405300507155
5000  7948.493627572591
5008  7943.476105227053
5016  7938.490412875467
5024  7933.538998852676
5032  7928.624307389538
5040  7923.748775983261
5048  7918.914832716291
5056  7914.12489352472
5064  7909.381359417122
5072  7904.686613644706
5080  7900.043018824067
5088  7895.452914013353
5096  7890.918611743302
5104  7886.442395004176
5112  7882.026514189988
5120  7877.6731840013645
5128  7873.384580308453
5136  7869.162836975362
5144  7865.010042647749
5152  7860.928237505125
5160  7856.919409979504
5168  7852.985493442383
5176  7849.128362861701
5184  7845.349831430684
5192  7841.651647170793
5200  7838.035489510483
5208  7834.502965842255
5216  7831.055608060046
5224  7827.6948690792415
5232  7824.422119341796
5240  7821.238643308855
5248  7818.145635943443
5256  7815.144199185852
5264  7812.235338424473
5272  7809.419958964824
5280  7806.698862499754
5288  7804.0727435837325
5296  7801.542186114369
5304  7799.107659824271
5312  7796.769516786582
5320  7794.527987937542
5328  7792.383179619474
5336  7790.335070147877
5344  7788.383506406164
5352  7786.528200471911
5360  7784.768726278442
5368  7783.104516315721
5376  7781.534858374671
5384  7780.058892339034
5392  7778.675607029202
5400  7777.383837102273
5408  7776.182260013012
5416  7775.0693930401985
5424  7774.0435903833195
5432  7773.103040334242
5440  7772.245762529063
5448  7771.46960528514
5456  7770.772243028576
5464  7770.151173817502
5472  7769.603716966681
5480  7769.127010779006
5488  7768.718010389649
5496  7768.373485728786
5504  7768.090019608784
5512  7767.864005942168
5520  7767.691648096488
5528  7767.568957392596
5536  7767.491751752831
5544  7767.455654505912
5552  7767.456093355219
5560  7767.488299517646
5568  7767.547307039957
5576  7767.62795230008
5584  7767.724873700766
5592  7767.832511563053
5600  7767.945108227453
5608  7768.056708370702
5616  7768.161159545995
5624  7768.252112955219
5632  7768.323024461199
5640  7768.367155848842
5648  7768.377576343553
5656  7768.347164396195
5664  7768.2686097431615
5672  7768.13441575123
5680  7767.936902056345
5688  7767.66820750584
5696  7767.3202934140845
5704  7766.884947141243
5712  7766.353786005409
5720  7765.718261538386
5728  7764.969664095376
5736  7764.099127829677
5744  7763.097636042792
5752  7761.956026921271
5760  7760.664999671462
5768  7759.2151210635975
5776  7757.596832396796
5784  7755.80045689703
5792  7753.816207559812
5800  7751.634195450053
5808  7749.244438471521
5816  7746.636870618498
5824  7743.801351722554
5832  7740.727677707578
5840  7737.405591366297
5848  7733.824793671819
5856  7729.974955638066
5864  7725.8457307429435
5872  7721.426767928489
5880  7716.707725192408
5888  7711.6782837857845
5896  7706.328163031649
5904  7700.647135779765
5912  7694.625044512715
5920  7688.251818119308
5928  7681.517489350704
5936  7674.412212975667
5944  7666.9262846512065
5952  7659.050160525136
5960  7650.7744775875135
5968  7642.090074787939
5976  7632.988014936255
5984  7623.459607403983
5992  7613.496431644766
6000  7603.090361551592
6008  7592.233590669504
6016  7580.918658282279
6024  7569.1384763921915
6032  7556.886357612087
6040  7544.15604398914
6048  7530.941736780267
6056  7517.238127199219
6064  7503.04042815571
6072  7488.344407007238
6080  7473.146419344627
6088  7457.443443832413
6096  7441.23311812575
6104  7424.513775885607
6112  7407.284484914442
6120  7389.545086434761
6128  7371.2962355334375
6136  7352.53944279473
6144  7333.277117145505
6152  7313.512609936316
6160  7293.250260282412
6168  7272.4954416890405
6176  7251.2546099855645
6184  7229.535352593739
6192  7207.346439155122
6200  7184.697873543563
6208  7161.600947288691
6216  7138.068294436669
6224  7114.113947875227
6232  7089.753397149558
6240  7065.003647796914
6248  7039.8832822273935
6256  7014.412522179147
6264  6988.613292776508
6272  6962.509288219674
6280  6936.126039135371
6288  6909.490981618048
6296  6882.633527991316
6304  6855.5851393203175
6312  6828.379399705265
6320  6801.052092387922
6328  6773.6412777011765
6336  6746.1873728958535
6344  6718.733233874069
6352  6691.324238864188
6360  6664.008374069417
6368  6636.836321323484
6376  6609.861547787043
6384  6583.140397720045
6392  6556.732186363382
6400  6530.699295966093
6408  6505.1072739925385
6416  6480.024933546318
6424  6455.524456047382
6432  6431.681496197818
6440  6408.575289275312
6448  6386.288760790154
6456  6364.908638545645
6464  6344.525567138766
6472  6325.234224941434
6480  6307.133443600651
6488  6290.326330098233
6496  6274.920391410568
6504  6261.0276618079115
6512  6248.764832835775
6520  6238.253386020362
6528  6229.619728338492
6536  6222.995330496584
6544  6218.51686806123
6552  6216.326365483762
6560  6216.571343065398
6568  6219.404966904981
6576  6224.98620187738
6584  6233.479967683705
6592  6245.057298025056
6600  6259.895502941601
6608  6278.178334366954
6616  6300.096154944246
6624  6325.846110152471
6632  6355.632303791651
6640  6389.665976876214
6648  6428.165689985919
6656  6471.357509125253
6664  6519.475195141115
6672  6572.760396751381
6680  6631.4628472351615
6688  6695.840564837479
6696  6766.160056942075
6704  6842.69652806473
6712  6925.734091722041
