0  20.85444831848145
8  22.1917571527166
16  23.44780365860322
24  24.62504469680561
32  25.725887453268815
40  26.752690158040753
48  27.707762796613242
56  28.593367813835812
64  29.4117208104561
72  30.164991232340014
80  30.855303052425057
88  31.484735445459506
96  32.05532345558045
104  32.569058656782644
112  33.027889806331
120  33.433723491168166
128  33.788424767369214
136  34.093817792694715
144  34.35168645229369
152  34.56377497760727
160  34.731788558523846
168  34.85739394883646
176  34.94222006505245
184  34.98785857860558
192  34.9958645015205
200  34.96775676557906
208  34.905018795038025
216  34.80909907294694
224  34.68141170111558
232  34.52333695377912
240  34.33622182501006
248  34.12138056992418
256  33.88009523972984
264  33.613616210667104
272  33.32316270688479
280  33.00992331730294
288  32.675056506507126
296  32.31969111972216
304  31.94492688191122
312  31.551834891047
320  31.14145810560137
328  30.714811826298597
336  30.272884172178845
344  29.81663655101676
352  29.347004124140547
360  28.86489626569682
368  28.37119701640557
376  27.866765531850156
384  27.352436525346896
392  26.82902070543755
400  26.297305208049746
408  25.758054023368036
416  25.21200841745984
424  24.659887348698803
432  24.10238787902944
440  23.540185580115075
448  22.973934934412128
456  22.40426973121322
464  21.831803457700815
472  21.2571296850539
480  20.680822449648883
488  20.103436629396708
496  19.52550831525721
504  18.947555177971935
512  18.3700768300561
520  17.793555183090668
528  17.21845480035474
536  16.6452232448386
544  16.074291422677423
552  15.506073922045406
560  14.940969347550078
568  14.37936065016597
576  13.821615452747105
584  13.268086371156883
592  12.71911133105463
600  12.175013880376877
608  11.636103497552112
616  11.102675895486875
624  10.575013321361304
632  10.053384852271794
640  9.53804668675824
648  9.02924243225333
656  8.527203388490868
664  8.032148826910108
672  7.544286266092769
680  7.0638117432692775
688  6.590910081930526
696  6.125755155581196
704  5.668510147670664
712  5.219327807737052
720  4.778350703800017
728  4.345711471037554
736  3.9215330567818856
744  3.5059289618693774
752  3.0990034783791436
760  2.7008519237949
768  2.3115608716243017
776  1.931208378509947
784  1.5598642078659086
792  1.197590050073546
800  0.8444397392700992
808  0.500459466763417
816  0.16568799110592652
824  -0.15984315513918446
832  -0.4761094619068454
840  -0.7830932413814793
848  -1.080783430958507
856  -1.3691753993838045
864  -1.64827075603916
872  -1.9180771633418887
880  -2.178608152227048
888  -2.4298829406808418
896  -2.6719262552939287
904  -2.9047681558036995
912  -3.128443862594581
920  -3.342993587125777
928  -3.5484623652559115
936  -3.744899893434376
944  -3.9323603677291614
952  -4.110902325661371
960  -4.280588490816597
968  -4.441485620203714
976  -4.593664354331582
984  -4.737199069974625
992  -4.872167735598215
1000  -4.998651769415037
1008  -5.116735900043834
1016  -5.226508029742067
1024  -5.328059100184219
1032  -5.42148296075766
1040  -5.5068762393481245
1048  -5.584338215587127
1056  -5.653970696533714
1064  -5.7158778947631825
1072  -5.770166308835612
1080  -5.816944606117084
1088  -5.8563235079268905
1096  -5.888415676983908
1104  -5.913335607125761
1112  -5.931199515274382
1120  -5.942125235621882
1128  -5.946232116010678
1136  -5.943640916482155
1144  -5.9344737099682465
1152  -5.918853785100359
1160  -5.896905551110519
1168  -5.868754444799513
1176  -5.834526839547156
1184  -5.794349956339832
1192  -5.748351776790841
1200  -5.696660958128965
1208  -5.639406750131106
1216  -5.576718913974873
1224  -5.508727642987127
1232  -5.435563485264864
1240  -5.357357268144664
1248  -5.27424002449743
1256  -5.186342920825105
1264  -5.093797187136209
1272  -4.996734048577363
1280  -4.895284658797989
1288  -4.789580035025542
1296  -4.679750994828871
1304  -4.565928094547506
1312  -4.448241569364532
1320  -4.326821275001368
1328  -4.201796631012456
1336  -4.073296565658278
1344  -3.9414494623352976
1352  -3.80638310754139
1360  -3.6682246403556906
1368  -3.5271005034118437
1376  -3.383136395343772
1384  -3.236457224683333
1392  -3.0871870651893065
1400  -2.9354491125873374
1408  -2.781365642700646
1416  -2.6250579709513993
1424  -2.4666464132128842
1432  -2.306250247992696
1440  -2.143987679927358
1448  -1.9799758045689215
1456  -1.8143305744442582
1464  -1.647166766367894
1472  -1.478597949989399
1480  -1.308736457556497
1488  -1.137693354875201
1496  -0.9655784134484328
1504  -0.792500083774753
1512  -0.6185654697889319
1520  -0.4438803044262985
1528  -0.268548926292907
1536  -0.09267425742371907
1544  0.08364221788883487
1552  0.26030047321342936
1560  0.43720195906291137
1568  0.6142496209590678
1576  0.7913479164961781
1584  0.9684028314202519
1592  1.1453218947407582
1600  1.3220141928914695
1608  1.4983903829569183
1616  1.6743627049808223
1624  1.8498449933726893
1632  2.0247526874286748
1640  2.1990028409826126
1648  2.372514131203025
1656  2.5452068665517475
1664  2.717002993919688
1672  2.8878261049551037
1680  3.0576014415996013
1688  3.226255900846993
1696  3.393718038739951
1704  3.559918073619288
1712  3.724787888640544
1720  3.8882610335724683
1728  4.050272725891755
1736  4.210759851188389
1744  4.369660962895682
1752  4.526916281359079
1760  4.682467692257577
1768  4.836258744391519
1776  4.988234646850399
1784  5.1383422655741695
1792  5.286530119321363
1800  5.432748375057331
1808  5.576948842775641
1816  5.719084969765626
1824  5.859111834338936
1832  5.9969861390277925
1840  6.1326662032675126
1848  6.266111955575821
1856  6.397284925241227
1864  6.526148233532689
1872  6.652666584442669
1880  6.776806254975507
1888  6.89853508499294
1896  7.017822466628549
1904  7.134639333282588
1912  7.248958148208794
1920  7.360752892704421
1928  7.46999905391475
1936  7.576673612263205
1944  7.680755028517971
1952  7.782223230506055
1960  7.881059599485495
1968  7.9772469561862644
1976  8.070769546530528
1984  8.16161302704245
1992  8.249764449957972
2000  8.33521224804456
2008  8.417946219141118
2016  8.497957510427804
2024  8.575238602435682
2032  8.649783292805818
2040  8.721586679807436
2048  8.790645145624513
2056  8.856956339420268
2064  8.920519160188638
2072  8.981333739401984
2080  9.039401423463948
2088  9.094724755976337
2096  9.147307459828946
2104  9.197154419120785
2112  9.244271660921465
2120  9.288666336881095
2128  9.330346704697005
2136  9.369322109445644
2144  9.405602964787644
2152  9.43920073405419
2160  9.470127911222502
2168  9.49839800178833
2176  9.524025503543085
2184  9.547025887263256
2192  9.567415577319585
2200  9.585211932213339
2208  9.600433225047093
2216  9.613098623937045
2224  9.623228172374043
2232  9.63084276954028
2240  9.635964150588478
2248  9.638614866890464
2256  9.638818266261616
2264  9.636598473167965
2272  9.631980368922223
2280  9.624989571875318
2288  9.615652417609486
2296  9.603995939139304
2304  9.590047847126641
2312  9.573836510115477
2320  9.555390934792587
2328  9.53474074627979
2336  9.511916168463499
2344  9.486948004367154
2352  9.459867616572085
2360  9.43070690769215
2368  9.399498300907563
2376  9.366274720563025
2384  9.331069572835418
2392  9.293916726475999
2400  9.254850493632082
2408  9.213905610753152
2416  9.171117219586032
2424  9.126520848263905
2432  9.08015239249373
2440  9.032048096846607
2448  8.98224453615541
2456  8.93077859702415
2464  8.877687459453208
2472  8.823008578584627
2480  8.766779666571534
2488  8.709038674575735
2496  8.649823774897214
2504  8.589173343239603
2512  8.527125941115093
2520  8.463720298392678
2528  8.39899529599305
2536  8.33298994873389
2544  8.26574338832871
2552  8.197294846542798
2560  8.127683638509279
2568  8.056949146208643
2576  7.985130802114714
2584  7.9122680730100825
2592  7.838400443973952
2600  7.763567402545186
2608  7.687808423063403
2616  7.611162951190747
2624  7.533670388616943
2632  7.455370077950231
2640  7.376301287796587
2648  7.296503198029642
2656  7.216014885253616
2664  7.134875308461463
2672  7.053123294890466
2680  6.970797526077314
2688  6.887936524114683
2696  6.804578638111316
2704  6.720762030857437
2712  6.636524665697295
2720  6.551904293610627
2728  6.466938440504637
2736  6.381664394718162
2744  6.296119194739483
2752  6.210339617139273
2760  6.124362164720084
2768  6.038223054883691
2776  5.9519582082175075
2784  5.865603237301338
2792  5.779193435735551
2800  5.692763767391731
2808  5.6063488558868
2816  5.519982974281586
2824  5.433700035004652
2832  5.3475335800022386
2840  5.261516771114998
2848  5.175682380682298
2856  5.090062782374617
2864  5.004689942254645
2872  4.919595410067599
2880  4.834810310761125
2888  4.750365336235256
2896  4.666290737322662
2904  4.582616315999516
2912  4.499371417827149
2920  4.416584924624645
2928  4.33428524737247
2936  4.252500319347166
2944  4.171257589487106
2952  4.0905840159891955
2960  4.010506060136408
2968  3.931049680355999
2976  3.852240326508102
2984  3.774102934404448
2992  3.6966619205568714
3000  3.619941177155173
3008  3.543964067273917
3016  3.468753420307644
3024  3.3943315276339807
3032  3.3207201385039924
3040  3.2479404561591854
3048  3.1760131341744176
3056  3.1049582730259955
3064  3.034795416884147
3072  2.965543550629029
3080  2.8972210970893943
3088  2.8298459145029584
3096  2.7634352941975044
3104  2.6980059584916862
3112  2.6335740588144607
3120  2.570155174042038
3128  2.507764309051179
3136  2.446415893487649
3144  2.386123780748566
3152  2.3269012471773665
3160  2.2687609914700677
3168  2.2117151342914143
3176  2.15577521809956
3184  2.100952207177769
3192  2.0472564878716923
3200  1.9946978690306576
3208  1.9432855826514195
3216  1.8930282847227677
3224  1.8439340562693223
3232  1.796010404592858
3240  1.7492642647094314
3248  1.7037020009805615
3256  1.6593294089366508
3264  1.6161517172908595
3272  1.5741735901415417
3280  1.5333991293613611
3288  1.493831877171172
3296  1.4554748188966729
3304  1.4183303859058871
3312  1.3824004587254037
3320  1.34768637033335
3328  1.3141889096269959
3336  1.2819083250628898
3344  1.2508443284673572
3352  1.2209960990152149
3360  1.1923622873744701
3368  1.1649410200147907
3376  1.1387299036774825
3384  1.113726030004683
3392  1.0899259803254633
3400  1.0673258305964963
3408  1.0459211564949298
3416  1.025707038661064
3424  1.006678068088432
3432  0.9888283516588451
3440  0.9721515178199228
3448  0.9566407224026433
3456  0.9422886545763982
3464  0.929087542939022
3472  0.9170291617392409
3480  0.9061048372289848
3488  0.8963054541429523
3496  0.8876214623028296
3504  0.88004288334352
3512  0.8735593175587582
3520  0.8681599508634001
3528  0.8638335618697469
3536  0.8605685290751681
3544  0.8583528381583252
3552  0.8571740893812312
3560  0.8570195050944289
3568  0.8578759373425072
3576  0.8597298755671463
3584  0.8625674544049446
3592  0.8663744615771878
3600  0.8711363458687298
3608  0.8768382251931819
3616  0.8834648947415321
3624  0.8910008352113532
3632  0.8994302211137238
3640  0.9087369291549836
3648  0.918904546690433
3656  0.9299163802470725
3664  0.9417554641124862
3672  0.9544045689869336
3680  0.9678462106957404
3688  0.9820626589590478
3696  0.9970359462159866
3704  1.0127478765003282
3712  1.0291800343646522
3720  1.0463137938500995
3728  1.06413032749871
3736  1.0826106154054218
3744  1.1017354543067386
3752  1.1214854667030816
3760  1.1418411100118933
3768  1.162782685748461
3776  1.1842903487315288
3784  1.206344116310682
3792  1.2289238776125584
3800  1.2520094028028612
3808  1.2755803523612415
3816  1.2996162863660288
3824  1.3240966737858673
3832  1.349000901775244
3840  1.3743082849709805
3848  1.3999980747866687
3856  1.4260494687021275
3864  1.4524416195448882
3872  1.4791536447607636
3880  1.5061646356705434
3888  1.5334536667098702
3896  1.5609998046493552
3904  1.588782117791995
3912  1.6167796851449678
3920  1.6449716055628874
3928  1.6733370068595963
3936  1.701855054885605
3944  1.7305049625682851
3952  1.7613765001297
3960  1.7881174979547314
3968  1.8170388676801028
3976  1.8460095988789762
3984  1.8750092739607733
3992  1.9040175757098914
4000  1.933014295985005
4008  1.9619793443583557
4016  1.9908927566922712
4024  2.0197347036501014
4032  2.0484854991388493
4040  2.0771256086807357
4048  2.1056356577109803
4056  2.1339964397990805
4064  2.162188924790922
4072  2.190194266868996
4080  2.2179938125281327
4088  2.2455691084640517
4096  2.2729019093721523
4104  2.2999741856539324
4112  2.3267681310284463
4120  2.35326617004626
4128  2.379450965503352
4136  2.405305425752473
4144  2.4308127119094216
4152  2.4559562449518224
4160  2.4807197127079217
4168  2.50508707673299
4176  2.5290425790709397
4184  2.552570748898771
4192  2.57565640905151
4200  2.5982846824253087
4208  2.6204409982564183
4216  2.6421110982737543
4224  2.663281042722834
4232  2.6839372162588475
4240  2.704066333706698
4248  2.723655445685846
4256  2.742691944097828
4264  2.761163567474364
4272  2.7790584061839843
4280  2.796364907495125
4288  2.8130718804937276
4296  2.8291685008533314
4304  2.84464431545574
4312  2.859489246860359
4320  2.873693597620331
4328  2.887248054443625
4336  2.9001436921972874
4344  2.912371977753083
4352  2.9239247736727925
4360  2.9347943417314846
4368  2.9449733462770817
4376  2.9544548574246248
4384  2.963232354083638
4392  2.971299726817056
4400  2.978651280530194
4408  2.9852817369883335
4416  2.991186237161444
4424  2.9963603433947026
4432  3.0008000414034313
4440  3.004501742091182
4448  3.007462283189679
4456  3.0096789307194216
4464  3.011149380269755
4472  3.0118717580972985
4480  3.0118446220416217
4488  3.0110669622571398
4496  3.009538201760224
4504  3.007258196790584
4512  3.004227236986004
4520  3.0004460453695776
4528  2.995915778148643
4536  2.9906380243246287
4544  2.9846148051131203
4552  2.9778485731734654
4560  2.970342211647298
4568  2.96209903300543
4576  2.9531227777025735
4584  2.9434176126394433
4592  2.9329881294318083
4600  2.921839342486146
4608  2.909976686881579
4616  2.8974060160578343
4624  2.884133599309021
4632  2.870166119083096
4640  2.855510668086883
4648  2.840174746196643
4656  2.824166257174185
4664  2.8074935051886034
4672  2.7901651911437564
4680  2.772190408811691
4688  2.753578640772216
4696  2.7343397541589782
4704  2.714483996212367
4712  2.6940219896396496
4720  2.6729647277828654
4728  2.651323569594977
4736  2.6291102344248802
4744  2.6063367966119597
4752  2.5830156798908823
4760  2.559159651607429
4768  2.5347818167462073
4776  2.509895611771165
4784  2.48451479827985
4792  2.4586534564725007
4800  2.432325978437029
4808  2.4055470612510925
4816  2.378331699902472
4824  2.350695180029074
4832  2.3226530704799107
4840  2.29422121569851
4848  2.2654157279302365
4856  2.2362529792551227
4864  2.206749593447842
4872  2.176922437666524
4880  2.146788613972202
4888  2.116365450680764
4896  2.0856704935492942
4904  2.0547214967988174
4912  2.0235364139755396
4920  1.992133388652672
4928  1.9605307449750986
4936  1.9287469780491417
4944  1.8968007441798205
4952  1.8647108509579966
4960  1.8324962471999655
4968  1.800176012742028
4976  1.7677693480927696
4984  1.7352955639457155
4992  1.702774070555246
5000  1.6702243669786292
5008  1.6376660301871453
5016  1.6051187040493842
5024  1.5726020881898157
5032  1.5401359267258723
5040  1.5077399968868141
5048  1.475434097517767
5056  1.443238037472399
5064  1.4111716238977305
5072  1.3792546504147576
5080  1.347506885198539
5088  1.3159480589615742
5096  1.2845978528443214
5104  1.2534758862168116
5112  1.22260170439542
5120  1.1919947662788997
5128  1.1616744319078987
5136  1.1316599499522737
5144  1.1019704451305599
5152  1.0726249055661023
5160  1.0436421700843956
5168  1.0150409154562785
5176  0.9868396435917551
5184  0.9590566686892319
5192  0.9317101043451258
5200  0.9048178506288507
5208  0.8783975811282669
5216  0.852466729970823
5224  0.8270424788256446
5232  0.8021417438919796
5240  0.7777811628794631
5248  0.7539770819857656
5256  0.7307455428773056
5264  0.7081022696787753
5272  0.6860626559773273
5280  0.66464175184739
5288  0.6438542509021462
5296  0.6237144773778295
5304  0.6042363732570664
5312  0.5854334854376286
5320  0.567318952953006
5328  0.5499054942513611
5336  0.5332053945395009
5344  0.5172304931985896
5352  0.5019921712784572
5360  0.4875013390774446
5368  0.4737684238148172
5376  0.4608033574028975
5384  0.44861556432617444
5392  0.43721394963472154
5400  0.42660688705939576
5408  0.4168022072563705
5416  0.4078071861886661
5424  0.3996285336524512
5432  0.39227238195598946
5440  0.38574427475921597
5448  0.3800491560820315
5456  0.3751913594895126
5464  0.3711745974623443
5472  0.36800195096088745
5480  0.3656758591914081
5488  0.3641981095830919
5496  0.3635698279846031
5504  0.36379146908902504
5512  0.36486280709615837
5520  0.3667829266212481
5528  0.36955021385933223
5536  0.3731623480145092
5544  0.37761629300354427
5552  0.3829082894433409
5560  0.3890338469319191
5568  0.39598773663266296
5576  0.403763984171705
5584  0.4123558628584444
5592  0.42175588723929547
5600  0.43195580699489905
5608  0.44294660119112605
5616  0.4547184728943433
5624  0.4672608441615066
5632  0.48056235141578657
5640  0.4946108412185343
5648  0.509393366448528
5656  0.5248961828995506
5664  0.5411047463074871
5672  0.5580037098182161
5680  0.575576921907754
5688  0.5938074247661458
5696  0.6126774531568218
5704  0.6321684337631659
5712  0.652260985034235
5720  0.6729349175416696
5728  0.6941692348599366
5736  0.715942134982221
5744  0.73823101228437
5752  0.7610124600494343
5760  0.7842622735654788
5768  0.807955453809456
5776  0.8320662117300731
5784  0.8565679731427189
5792  0.8814333842496074
5800  0.9066343177984842
5808  0.9321418798933225
5816  0.9579264174705887
5824  0.9839575264547907
5832  1.010204060607147
5840  1.0366341410813364
5848  1.0632151667004581
5856  1.0899138249694194
5864  1.1166961038371424
5872  1.1435273042230718
5880  1.1703720533226625
5888  1.1971943187065834
5896  1.2239574232286108
5904  1.2506240607571804
5912  1.2771563127458705
5920  1.3035156656580988
5928  1.3296630292614755
5936  1.3555587558074969
5944  1.3811626601122233
5952  1.4064340405538978
5960  1.4313317010034872
5968  1.4558139737043423
5976  1.4798387431172433
5984  1.5033634707473098
5992  1.5263452209693655
6000  1.5487406878684429
6008  1.5705062231123743
6016  1.5915978648734443
6024  1.611971367816263
6032  1.6315822341692128
6040  1.6503857458968472
6048  1.6683369979909561
6056  1.685390932897923
6064  1.7015023761003452
6072  1.7166260728709504
6080  1.7307167262169734
6088  1.7437290360333584
6096  1.7556177394832464
6104  1.7663376526244359
6112  1.775843713300533
6120  1.784091025315805
6128  1.7910349039127766
6136  1.7966309225718162
6144  1.8008349611521424
6152  1.803603255393744
6160  1.8048924477999722
6168  1.8046596399205934
6176  1.8028624460553908
6184  1.7994590483983857
6192  1.7944082536430892
6200  1.7876695510691907
6208  1.7792031721313473
6216  1.7689701515708667
6224  1.7569323900711937
6232  1.743052718478351
6240  1.7272949636075687
6248  1.7096240156575226
6256  1.6900058972537766
6264  1.668407834143162
6272  1.6447983275609985
6280  1.619147228293209
6288  1.5914258124555773
6296  1.5616068590125047
6304  1.5296647290578416
6312  1.4955754468804903
6320  1.4593167828376625
6328  1.420868338058828
6336  1.3802116310035668
6344  1.3373301858966857
6352  1.2922096230641482
6360  1.2448377511935078
6368  1.1952046615427232
6376  1.1433028241213865
6384  1.0891271858685874
6392  1.0326752708517457
6400  0.9739472825110096
6408  0.9129462079738848
6416  0.8496779244650021
6424  0.7841513078360712
6432  0.7163783432412294
6440  0.6463742379832168
6448  0.5741575365558861
6456  0.49975023790886297
6464  0.42317791496018303
6472  0.3444698363830796
6480  0.2636590906931106
6488  0.1807827126620882
6496  0.09588181208546119
6504  0.00900170492983822
6512  -0.07980795311228067
6520  -0.1704930306334831
6528  -0.2629947820608165
6536  -0.35724970671604195
6544  -0.4531894053590999
6552  -0.5507404341869443
6560  -0.6498241562597094
6568  -0.7503565903260052
6576  -0.8522482570189331
6584  -0.9554040223942954
6592  -1.0597229387821694
6600  -1.1650980829229691
6608  -1.2714163913588874
6616  -1.3785584930513741
6624  -1.4863985391951682
6632  -1.5948040301992736
6640  -1.703635639804922
6648  -1.812747036310656
6656  -1.921984700874076
6664  -2.031187742860042
6672  -2.1401877122046504
6680  -2.248808408764221
6688  -2.3568656886182433
6696  -2.4641672672953416
6704  -2.5705125198905803
6712  -2.6756922780428747
6720  -2.77948862374068
6728  -2.881674679923946
6736  -2.982014397850306
6744  -3.080262341193307
6752  -3.176163466839929
6760  -3.269452902355056
6768  -3.359855720079645
6776  -3.447086707829829
6784  -3.5308501361635622
6792  -3.610839522181283
6800  -3.686737389827152
6808  -3.7582150266567718
6816  -3.8249322370374603
6824  -3.8865370917469635
6832  -3.9426656739358776
6840  -3.992941821419374
6848  -4.036976865263403
6856  -4.074369364630108
6864  -4.104704837847566
6872  -4.127555489668038
6880  -4.142479934679539
6888  -4.149022916834395
6896  -4.1467150250592
6904  -4.135072404909734
6912  -4.113596466234308
6920  -4.0817735868091765
6928  -4.039074811908859
6936  -3.9849555497746
6944  -3.9188552629435205
6952  -3.8401971554011154
6960  -3.74838785551938
6968  -3.6428170947427096
6976  -3.5228573819835565
6984  -3.3878636736894774
6992  -3.237173039543097
7000  -3.0701043237564023
7008  -2.8859578019202754
7016  -2.6840148333703198
7024  -2.4635375090296217
7032  -2.223768294688783
7040  -1.9639296696836894
7048  -1.6832237609308907
7056  -1.3808319722805338
7064  -1.0559146091464047
7072  -0.7076104983725038
7080  -0.3350366032954102
7088  0.06271236603869101
7096  0.4865643475434396
7104  0.9374703266897269
7112  1.4164047410727079
