0  20.85444831848145
8  176305.72381648148
16  312840.30184576317
24  415672.4735224235
32  490106.79081425496
40  540782.8396405673
48  571746.3164952024
56  586513.4226818054
64  588129.1382360628
72  579219.8948781394
80  562041.127562334
88  538520.1471829211
96  510294.7425800442
104  478747.888001052
112  445038.90245549055
120  410131.37980882893
128  374818.1828530633
136  339743.7708415261
144  305424.10795840085
152  272264.379795792
160  240574.72602465344
168  210584.17996936478
176  182452.98963363626
184  156283.47978885696
192  132129.6009407053
200  110005.29825752895
208  89891.82180069227
216  71744.08857389218
224  55496.19694048211
232  41066.18478463731
240  28360.11435690445
248  17275.558994330095
256  7704.559790239281
264  -463.88623750079887
272  -7341.750911628628
280  -13040.262501635147
288  -17668.51108694744
296  -21332.331169642057
304  -24133.42520652187
312  -26168.695539250515
320  -27529.755670169292
328  -28302.594986976874
336  -28567.37390638188
344  -28398.32900810718
352  -27863.77008762982
360  -27026.153188603057
368  -25942.215602480243
376  -24663.160560510256
384  -23234.88090786571
392  -21698.21245586638
400  -20089.20896966806
408  -18439.43187796903
416  -16776.248799869074
424  -15123.13588272766
432  -13499.979743630929
440  -11923.375515012129
448  -10406.918120511249
456  -8961.48445805242
464  -7595.504650489309
472  -6315.220946579968
480  -5124.933222505163
488  -4027.230352164391
496  -3023.2069881156276
504  -2112.66552889724
512  -1294.303246801683
520  -565.8847168240654
528  75.60017400670547
536  633.7922441853219
544  1112.832577983476
552  1517.2450721580262
560  1851.8313578468828
568  2121.5774462179056
576  2331.5714191708184
584  2486.9314702692363
592  2592.7435945131856
600  2654.0082271309066
608  2675.595139999676
616  2662.2059184620093
624  2618.3433601741312
632  2548.287160309908
640  2456.075273151694
648  2345.4903681291444
656  2220.0508281037573
664  2083.0057686045693
672  1937.3335883330928
680  1785.7435931698296
688  1630.6802677870373
696  1474.3298005076801
704  1318.6284980034332
712  1165.2727565881496
720  1015.730286069613
728  871.2523102364753
736  732.8864949718644
744  601.4903806206967
752  477.74511953641615
760  362.16934265665225
768  255.13300048644538
776  156.8710439964683
784  67.49682968006583
792  -12.984849624524191
800  -84.66519052362816
808  -147.7193291392526
816  -202.39486969276913
824  -249.0010336133655
832  -287.89846013372494
840  -319.4896794001425
848  -344.2102702467609
856  -362.52070690575005
864  -374.8988919879278
872  -381.8333670126377
880  -383.8171865325339
888  -381.342437430366
896  -374.8953812037998
904  -364.95219394517426
912  -351.9752762119589
920  -336.41010301845785
928  -318.68258271007215
936  -299.19689246033556
944  -278.33375751239447
952  -256.4491410275328
960  -233.87331146286658
968  -210.91025474004664
976  -187.83739905082302
984  -164.90562093990232
992  -142.33950227952565
1000  -120.3378088745907
1008  -99.07416268528169
1016  -78.6978810014246
1024  -59.33495732686314
1032  -41.0891602124912
1040  -24.04322779477416
1048  -8.260137335999525
1056  6.215569391819997
1064  19.356422498703306
1072  31.150638243282177
1080  41.60072578204689
1088  50.722099555418886
1096  58.54170905634761
1104  65.0966963702252
1112  70.43309057483708
1120  74.60454685006017
1128  77.67113697238806
1136  79.69819676156939
1144  80.75523500736159
1152  80.9149074346111
1160  80.25205836493235
1168  78.84283190292383
1176  76.76385371343643
1184  74.09148376273643
1192  70.90113976891624
1200  67.2666905437274
1208  63.259917906996925
1216  58.95004541351233
1224  54.403331748124145
1232  49.68272631509499
1240  44.847584269489886
1248  39.953438008752364
1256  35.05182195846128
1264  30.19014734461288
1272  25.411623542533526
1280  20.755222526661733
1288  16.255682912957575
1296  11.94355008361883
1304  7.8452489092519375
1312  3.9831856338413365
1320  0.37587556007988915
1328  -2.9619067357414774
1336  -6.01895782152957
1344  -8.787459499018906
1352  -11.262779469002416
1360  -13.443261330397796
1368  -15.330006517699841
1376  -16.92665062141532
1384  -18.239136371588245
1392  -19.275485397120068
1400  -20.04557070475898
1408  -20.560891652731712
1416  -20.834353026256903
1424  -20.88004965673403
1432  -20.713057864237467
1440  -20.34923484495228
1448  -19.80502697215023
1456  -19.097287831882422
1464  -18.243106673355726
1472  -17.259647819425556
1480  -16.164001455185655
1488  -14.973046092573865
1496  -13.703322896472216
1504  -12.37092195312004
1512  -10.991380464885038
1520  -9.579592766560646
1528  -8.14973197737668
1536  -6.715183029728883
1544  -5.288486750140507
1552  -3.8812946099957153
1560  -2.50433371292707
1568  -1.167381542168341
1576  0.12075004557084128
1584  1.3522221233711906
1592  2.5201678621703034
1600  3.618684149384231
1608  4.642816256372509
1616  5.588536160354031
1624  6.452715128839998
1632  7.233091172608509
1640  7.928231967062114
1648  8.537493831845255
1656  9.060977345207993
1664  9.499480153138586
1672  9.854447514090282
1680  10.127921098538003
1688  10.32248653893802
1696  10.441220200246374
1704  10.487635614278801
1712  10.465629993154593
1720  10.379431208135195
1728  10.233545590601034
1736  10.032706881955395
1744  9.781826629125986
1752  9.485946292270759
1760  9.15019130147538
1768  8.779727269842615
1776  8.379718541576805
1784  7.955289225614733
1792  7.511486838175773
1800  7.053248651421658
1808  6.585370820330107
1816  6.112480335987656
1824  5.639009830870144
1832  5.169175240366436
1840  4.706956304861235
1848  4.256079878163595
1856  3.820005990974763
1864  3.4019166024463896
1872  3.00470695869379
1880  2.630979464392637
1888  2.283039962288966
1896  1.9628963055691226
1904  1.6722590995396531
1912  1.412544481921332
1920  1.1848788052247645
1928  0.9901050801001927
1936  0.8287910351891332
1944  0.701238646795255
1952  0.6074949905754945
1960  0.5473642673693844
1968  0.5204208561685594
1976  0.5260232490144472
1984  0.5633287252312262
1992  0.6313086257864918
2000  0.7287640926525756
2008  0.854342142751165
2016  1.0065519513320724
2024  1.1837812253981859
2032  1.384312553975839
2040  1.606339628578618
2048  1.8479832340603461
2056  2.1073069171391756
2064  2.3823322471401815
2072  2.6710535908938087
2080  2.971452331187735
2088  3.2815104656502068
2096  3.5992235303962015
2104  3.9226128001493272
2112  4.249736723820369
2120  4.5787015616404
2128  4.907671196876707
2136  5.234876101871717
2144  5.558621444610135
2152  5.877294328211733
2160  6.189370161645022
2168  6.4934181655396195
2176  6.788106022228173
2184  7.072203684056603
2192  7.3445863585553175
2200  7.604236693255029
2208  7.850246186753713
2216  8.081815856093899
2224  8.298256193590076
2232  8.49898644895805
2240  8.683533274943569
2248  8.851528776633945
2256  9.00270800626976
2264  9.13690594666465
2272  9.254054027299244
2280  9.354176217793675
2288  9.437384743793757
2296  9.503875470345182
2304  9.553922997590863
2312  9.587875513127559
2320  9.606149444613449
2328  9.609223955248147
2336  9.597635323565711
2344  9.57197124761081
2352  9.532865112022893
2360  9.480990254854623
2368  9.417054269114233
2376  9.341793372067029
2384  9.25596687327521
2392  9.1603517702161
2400  9.055737498112624
2408  8.942920858353924
2416  8.82270114759407
2424  8.695875507307465
2432  8.563234511266423
2440  8.42555800610345
2448  8.28361121783967
2456  8.138141135016197
2464  7.989873176866617
2472  7.83950815282823
2480  7.687719517616086
2488  7.535150924086772
2496  7.382414074206341
2504  7.230086866615235
2512  7.078711837559926
2520  6.928794890340654
2528  6.780804306912234
2536  6.635170033874257
2544  6.492283233799895
2552  6.3524960916831885
2560  6.21612186523155
2568  6.083435166796883
2576  5.954672463922271
2584  5.830032784783062
2592  5.709678614218328
2600  5.593736965579841
2608  5.482300613268084
2616  5.375429470575168
2624  5.273152097309361
2632  5.17546732163089
2640  5.08234596058013
2648  4.9937326239208994
2656  4.909547586150323
2664  4.829688711835111
2672  4.754033419818222
2680  4.682440672292935
2688  4.614752975257986
2696  4.550798377441284
2704  4.4903924554051615
2712  4.433340273216415
2720  4.379438305774395
2728  4.328476315632922
2736  4.2802391739221735
2744  4.234508616767891
2752  4.191064929412377
2760  4.149688551059052
2768  4.110161594284036
2776  4.0722692736801
2784  4.035801239214318
2792  4.000552810587203
2800  3.96632610967299
2808  3.9329310888941125
2816  3.900186454134078
2824  3.8679204815180848
2832  3.835971728086789
2840  3.8041896370528017
2848  3.77243503895869
2856  3.7405805506479464
2864  3.708510874513715
2872  3.6761230010032397
2880  3.6433263178268835
2888  3.610042629748761
2896  3.576206093220456
2904  3.541763070459325
2912  3.5066719078691455
2920  3.4709026439522406
2928  3.4344366520702883
2936  3.3972662235756306
2944  3.359394096957049
2952  3.3208329387250637
2960  3.281604781802603
2968  3.241740427189349
2976  3.201278814633364
2984  3.1602663679740024
2992  3.118756320717141
3000  3.076808027269771
3008  3.0344862650980104
3016  2.991860532882856
3024  2.949004349534113
3032  2.905994558686716
3040  2.8629106430483557
3048  2.819834052694483
3056  2.7768475511197264
3064  2.734034582555265
3072  2.6914786637526893
3080  2.6492628031184493
3088  2.6074689497617216
3096  2.5661774746945007
3104  2.525466686098475
3112  2.48541238025042
3120  2.4460874293792045
3128  2.4075614074142213
3136  2.3699002542796426
3144  2.333165979092662
3152  2.2974164023384915
3160  2.2627049368220935
3168  2.229080406937295
3176  2.1965869055496765
3184  2.1652636875613007
3192  2.135145099013936
3200  2.106260540393551
3208  2.078634462623552
3216  2.0522863940773366
3224  2.027230996803282
3232  2.003478150036986
3240  1.981033058976726
3248  1.9598963867185129
3256  1.940064407186851
3264  1.9215291768556482
3272  1.904278723030585
3280  1.8882972464589993
3288  1.873565336045193
3296  1.8600601934774599
3304  1.8477558656171726
3312  1.8366234825589969
3320  1.826631499343729
3328  1.8177459393905262
3336  1.8099306378119198
3344  1.8031474828822516
3352  1.79735665404654
3360  1.7925168549811612
3368  1.7885855403489421
3376  1.7855191350278592
3384  1.7832732447334687
3392  1.7818028570990698
3400  1.781062532423212
3408  1.7810065834402895
3416  1.7815892436153853
3424  1.7827648236081706
3432  1.7844878556912664
3440  1.7867132260451055
3448  1.7893962949829014
3456  1.792493005284873
3464  1.7959599789396454
3472  1.7997546027016587
3480  1.8038351029760833
3488  1.8081606106361097
3496  1.81269121646143
3504  1.8173880179602333
3512  1.8222131584001984
3520  1.82712985892612
3528  1.8321024446828416
3536  1.8370963658919888
3544  1.8420782148494375
3552  1.8470157398176423
3560  1.8518778567829814
3568  1.8566346600332984
3576  1.8612574324852242
3584  1.8657186566549377
3592  1.869992027120219
3600  1.8740524652664832
3608  1.8778761370456545
3616  1.881440474404545
3624  1.8847242009601182
3632  1.887707362412744
3640  1.8903713620966476
3648  1.8926990019697063
3656  1.894674529243619
3664  1.8962836887511074
3672  1.8975137810401561
3680  1.898353726077236
3688  1.8987941323331712
3696  1.8988273709173853
3704  1.898447654320097
3712  1.8976511192181351
3720  1.8964359126998158
3728  1.8948022811681597
3736  1.892752661090982
3744  1.8902917706816103
3752  1.8874267015160808
3760  1.88416700902235
3768  1.8805248007151936
3776  1.8765148209974303
3784  1.8721545313047114
3792  1.8674641843378907
3800  1.8624668911041604
3808  1.8571886794763794
3816  1.8516585429794483
3824  1.845908478523463
3832  1.8399735118259293
3840  1.8338917092995006
3848  1.8277041752276446
3856  1.8214550331080022
3864  1.8151913901121481
3872  1.808963283690339
3880  1.8028236094406602
3888  1.7968280294629912
3896  1.7910348605292088
3904  1.7855049415211623
3912  1.7803014797167909
3920  1.7754898756413604
3928  1.7711375263445277
3936  1.7673136071138698
3944  1.7640888317907868
3952  1.7613765001297
3960  1.7597256758804956
3968  1.7587339666730262
3976  1.7586341224813722
3984  1.75950023769636
3992  1.761406087532541
4000  1.7644247568928557
4008  1.7686282550497878
4016  1.7740871177725022
4024  1.7808699986788261
4032  1.7890432517333825
4040  1.7986705069477238
4048  1.809812241463634
4056  1.8225253483160042
4064  1.836862705275625
4072  1.8528727462641148
4080  1.8705990379118451
4088  1.8900798638945584
4096  1.9113478197342886
4104  1.9344294207848496
4112  1.9593447261404646
4120  1.9861069812080674
4128  2.014722281668332
4136  2.0451892615178218
4144  2.077498807834032
4152  2.1116338048367056
4160  2.1475689097324038
4168  2.185270362724963
4176  2.2246958334523983
4184  2.2657943059712786
4192  2.308506004252907
4200  2.3527623599823455
4208  2.3984860242620503
4216  2.446138620376587
4224  2.4939823684815803
4232  2.543557194107316
4240  2.594203969602626
4248  2.645803240537869
4256  2.698227826299386
4264  2.751343165092386
4272  2.8050077072119284
4280  2.859073355912244
4288  2.9133859549113232
4296  2.9677858212717645
4304  3.022108322101711
4312  3.0761844932232236
4320  3.1298416976613197
4328  3.182904321516891
4336  3.235194504502811
4344  3.2865329021463214
4352  3.3367394763941793
4360  3.3856343111020712
4368  3.4330384486478303
4376  3.4787747436812193
4384  3.522668729812901
4392  3.564549494853608
4400  3.6042505600427566
4408  3.641610758555861
4416  3.676475108452913
4424  3.708695675127332
4432  3.73813241823818
4440  3.7646540180580854
4448  3.788138676147098
4456  3.8084748852690393
4464  3.825562163502994
4472  3.8393117475683636
4480  3.849647240478713
4488  3.8565052087669103
4496  3.8598357246824904
4504  3.8596028489514675
4512  3.8557850499088238
4520  3.8483755550640857
4528  3.8373826314405606
4536  3.8228297913374223
4544  3.8047559205008916
4552  3.7832153260542665
4560  3.758277701925687
4568  3.7300280099256877
4576  3.69856627506173
4584  3.664007294132789
4592  3.626480257121098
4600  3.5861282813883637
4608  3.543107859187755
4616  3.4975882195184047
4624  3.4497506058729126
4632  3.3997874719584034
4640  3.3479015980042646
4648  3.294305130802741
4656  3.2392185511581557
4664  3.1828695729441208
4672  3.125491978482153
4680  3.0673243954565623
4688  3.0086090210658414
4696  2.9495902995769807
4704  2.8905135598927516
4712  2.8316236201597977
4720  2.7731633668341993
4728  2.715372315977807
4736  2.658485164880095
4744  2.6027303423835737
4752  2.548328566532984
4760  2.495491418367312
4768  2.4444199408257057
4776  2.3953032718426255
4784  2.3483173207604313
4792  2.303623497188321
4800  2.2613675013829018
4808  2.221678185116163
4816  2.1846664918306193
4824  2.1504244846573273
4832  2.119024470590509
4840  2.090518228771816
4848  2.0649363504383467
4856  2.0422876976315445
4864  2.022558987250079
4872  2.00571450645955
4880  1.9916959648472812
4888  1.980422488033133
4896  1.971790756719435
4904  1.9656752943876583
4912  1.961928906028995
4920  1.9603832694342018
4928  1.9608496796683557
4936  1.963119946422816
4944  1.9669674429741155
4952  1.9721483044921038
4960  1.9784027724330617
4968  1.9854566807324716
4976  1.9930230784827256
4984  2.000803982748901
4992  2.0084922541471077
5000  2.015773586791138
5008  2.0223286032105783
5016  2.027835043864172
5024  2.0319700399224483
5032  2.0344124570806508
5040  2.034845297293583
5048  2.032958144505066
5056  2.0284496396831955
5064  2.0210299697754737
5072  2.0104233545715573
5080  1.9963705149127895
5088  1.9786311052229868
5096  1.9569860929602039
5104  1.9312400673105874
5112  1.9012234592679933
5120  1.8667946551722776
5128  1.8278419858195953
5136  1.7842855734138663
5144  1.7360790189035842
5152  1.6832109126454384
5160  1.6257061518582707
5168  1.5636270489797355
5176  1.4970742158146724
5184  1.4261872092693342
5192  1.3511449254986867
5200  1.2721657304542624
5208  1.1895073161053022
5216  1.1034662730135778
5224  1.0143773714687654
5232  0.9226125450318882
5240  0.8285795720839052
5248  0.7327204528285935
5256  0.6355094811462394
5264  0.537451012729129
5272  0.43907693304237067
5280  0.34094383083426333
5288  0.24362988515820136
5296  0.1477314761514662
5304  0.05385953213248843
5312  -0.03736437208605876
5320  -0.12531214842986035
5328  -0.20935354077096496
5336  -0.2888606602342804
5344  -0.3632126864598968
5352  -0.4318007084707413
5360  -0.49403267666195
5368  -0.549338435387725
5376  -0.5971748036908052
5384  -0.6370306699173109
5392  -0.668432064303571
5400  -0.6909471721294819
5408  -0.7041912487236636
5416  -0.7078313964958786
5424  -0.7015911632802059
5432  -0.6852549206147873
5440  -0.6586719801767119
5448  -0.6217604064500756
5456  -0.5745104838450941
5464  -0.5169877969211681
5472  -0.449335883108536
5480  -0.3717784183834518
5488  -0.28462089774036176
5496  -0.18825177402917045
5504  -0.08314302079333624
5512  0.030149912840473404
5520  0.15098878440550437
5528  0.2786539035396301
5536  0.4123461632363985
5544  0.5511897756985125
5552  0.6942357274434242
5560  0.8404659638357871
5568  0.9887983084300292
5576  1.1380921174131151
5584  1.2871546640601186
5592  1.4347482424744795
5600  1.57959797400369
5608  1.7204002936270029
5616  1.855832087333155
5624  1.984560445076761
5632  2.105252987356456
5640  2.2165887168354095
5648  2.3172693397666646
5656  2.406030995335951
5664  2.4816563244405208
5672  2.542986802933739
5680  2.5889352580332186
5688  2.618498480470002
5696  2.630769839103832
5704  2.624951799202871
5712  2.6003682404452952
5720  2.556476466005933
5728  2.4928787899055225
5736  2.4093335861853133
5744  2.3057656804897317
5752  2.182275962355479
5760  2.039150094980733
5768  1.8768661985427988
5776  1.6961013833067846
5784  1.4977370098792664
5792  1.2828625560642053
5800  1.0527779729259585
5808  0.8089944169040267
5816  0.5532332502007086
5824  0.28742320821504497
5832  0.013695640558512905
5840  -0.2656222588128273
5848  -0.5480163065569251
5856  -0.83079633267225
5864  -1.1111093808612198
5872  -1.3859551423164937
5880  -1.6522036433699436
5888  -1.9066151908576774
5896  -2.145862561258662
5904  -2.3665554007059013
5912  -2.5652667828988793
5920  -2.7385618508354663
5928  -2.883028446208433
5936  -2.995309607369386
5944  -3.0721377930588636
5952  -3.1103706647558442
5960  -3.1070282356454375
5968  -3.0593311689927813
5976  -2.9647399833029744
5984  -2.8209948962219995
5992  -2.6261560138828575
6000  -2.3786435475299945
6008  -2.077277714985506
6016  -1.7213179610841665
6024  -1.3105011088499101
6032  -0.845078032170581
6040  -0.32584842132419706
6048  0.24580680480249767
6056  0.867895901291553
6064  1.5377899889017406
6072  2.252200519299447
6080  3.0071610051621374
6088  3.798013510045951
6096  4.619400392718266
6104  5.465261796417257
6112  6.32883936489901
6120  7.202686653861752
6128  8.078686688095999
6136  8.948077091208942
6144  9.801483185739267
6152  10.628959426652791
6160  11.420039490360963
6168  12.163795294311361
6176  12.848905168691433
6184  13.463731341699635
6192  13.996406833071607
6200  14.434931777017379
6208  14.767279115412698
6216  14.9815095150103
6224  15.06589526867188
6232  15.009052840313766
6240  14.800083606601158
6248  14.428722235695316
6256  13.88549202489854
6264  13.161866395275077
6272  12.250435612762518
6280  11.145077672524177
6288  9.841132147012017
6296  8.335575659202679
6304  6.627197501617458
6312  4.716773780032956
6320  2.6072383193283435
6328  0.3038484289057861
6336  -2.1856565121172244
6344  -4.850905822777188
6352  -7.678759941307588
6360  -10.65318691932695
6368  -13.75515551980434
6376  -16.962547549006633
6384  -20.2500921391091
6392  -23.589324769426884
6400  -26.948573868082594
6408  -30.29297787006536
6416  -33.58453561965072
6424  -36.782192992572845
6432  -39.841968573629025
6440  -42.717121155934365
6448  -45.35836172622072
6456  -47.714112463684565
6464  -49.730815105310775
6472  -51.35329081561586
6480  -52.52515344081067
6488  -53.18927772386913
6496  -53.28832370547341
6504  -52.765318133946316
6512  -51.564293252868616
6520  -49.630982826159844
6528  -46.91357469518552
6536  -43.36351853948031
6544  -38.93638683078071
6552  -33.59278622844381
6560  -27.299315862644015
6568  -20.029568090086094
6576  -11.765166385998773
6584  -2.496834057147837
6592  7.774513574579004
6600  19.03666195714288
6608  31.264984639740355
6616  44.4213359129152
6624  58.45296074459265
6632  73.29143525822889
6640  88.85165228495975
6648  105.03086782536016
6656  121.70782556832636
6664  138.74197792330338
6672  155.9728233150064
6680  173.21938075252768
6688  190.27982390146101
6696  206.93129804090287
6704  222.92994435737077
6712  238.01115699380588
6720  251.8900991106215
6728  264.26250490218655
6736  274.80579501896415
6744  283.18053314372827
6752  289.03225152808653
6760  291.9936730800845
6768  291.6873570686189
6776  287.7287946386453
6784  279.72997907238533
6792  267.3034740443798
6800  250.06700095826386
6808  227.64856377500607
6816  199.6921264986989
6824  165.86385462791338
6832  125.85892735809082
6840  79.40892208231934
6848  26.289766732349133
6856  -33.669751323186134
6864  -100.57893880250242
6872  -174.47564005407418
6880  -255.31620780827672
6888  -342.96504893681606
6896  -437.18380469575544
6904  -537.6202377110061
6912  -643.796911891601
6920  -755.0997665574569
6928  -870.7667023679651
6936  -989.8763141521187
6944  -1111.3369244750572
6952  -1233.8760917240065
6960  -1356.0307876393142
6968  -1476.138461517896
6976  -1592.3292317239452
6984  -1702.519469580732
6992  -1804.4070660909695
7000  -1895.4686981173118
7008  -1972.9594374945482
7016  -2033.9150738551755
7024  -2075.1575495027873
7032  -2093.303932197836
7040  -2084.779378912229
7048  -2045.834570096737
7056  -1972.5681193643302
7064  -1860.9544872339884
7072  -1706.8779491443936
7080  -1506.17318669776
7088  -1254.6730863067166
7096  -948.2643402736726
7104  -582.9514509110406
7112  -154.9297375746743
7120  339.3320617266605
7128  902.9990194644424
7136  1538.7665309824292
7144  2248.74560168576
7152  3034.3364531955585
7160  3896.0900608525753
7168  4833.55732093922
7176  5845.125652157459
7184  6927.842964910306
7192  8077.229086712464
7200  9287.074915814419
7208  10549.229791394926
7216  11853.377821320513
7224  13186.804201724646
7232  14534.152901144143
7240  15877.177470719476
7248  17194.487186534006
7256  18461.29123653087
7264  19649.14423914888
7272  20725.69703096797
7280  21654.45739397695
7288  22394.56621794809
7296  22900.595518940332
7304  23122.37577099428
7312  23004.861165311562
7320  22488.042701191618
7328  21506.92044819876
7336  19991.547912976628
7344  17867.16321136404
7352  15054.423702743657
7360  11469.762905807913
7368  7025.890901450419
7376  1632.4620589430406
7384  -4803.063182866921
7392  -12374.33256413202
7400  -21174.75887128343
7408  -31295.88217737758
7416  -42825.396008347285
7424  -55844.7913891832
7432  -70426.56769543469
7440  -86630.95374209182
7448  -104502.07654651096
7456  -124063.50866452033
7464  -145313.11787638132
7472  -168217.1352459458
7480  -192703.34914315463
7488  -218653.32365448825
7496  -245893.5298520191
7504  -274185.26758956077
7512  -303213.24377999664
7520  -332572.6604130744
7528  -361754.6518249609
7536  -390129.89585192985
7544  -416930.2074081257
7552  -441227.90563297924
7560  -461912.7269639239
7568  -477666.03620405565
7576  -486932.06576637726
7584  -487885.8896724517
7592  -478397.81344343483
7600  -455993.83361725346
7608  -417811.7911209437
7616  -360552.810977076
7624  -280427.58667395764
7632  -173097.03081761676
7640  -33606.77423599069
