0  20.85444831848145
8  20.490681970276643
16  20.13162698647302
24  19.777245074024737
32  19.427498121812807
40  19.08234820025225
48  18.741757560899583
56  18.40568863605995
64  18.074104038394545
72  17.746966560527856
80  17.424239174654996
88  17.105885032148997
96  16.791867463168142
104  16.48214997626318
112  16.176696257984744
120  15.875470172490607
128  15.57843576115296
136  15.285557242165748
144  14.996799010151973
152  14.712125635771004
160  14.431501865325835
168  14.154892620370454
176  13.882262997317097
184  13.613578267043588
192  13.348803874500616
200  13.087905438319059
208  12.830848750417276
216  12.577599775608403
224  12.328124651207695
232  12.082389686639784
240  11.840361363046004
248  11.602006332891708
256  11.36729141957355
264  11.136183617026804
272  10.908650089332657
280  10.68465817032552
288  10.464175363200326
296  10.247169340119854
304  10.033607941822009
312  9.823459177227141
320  9.616691223045331
328  9.413272423383729
336  9.213171289353816
344  9.016356498678746
352  8.82279689530063
360  8.632461488987836
368  8.445319454942322
376  8.26134013340689
384  8.080493029272548
392  7.902747811685775
400  7.728074313655831
408  7.556442531662071
416  7.387822625261253
424  7.22218491669483
432  7.059499890496246
440  6.899738193098268
448  6.742870632440273
456  6.588868177575552
464  6.437701958278613
472  6.289343264652492
480  6.14376354673606
488  6.000934414111308
496  5.860827635510675
504  5.723415138424334
512  5.5886690087075195
520  5.456561490187796
528  5.327064984272397
536  5.200152049555507
544  5.075795401425578
552  4.953967911672625
560  4.83464260809554
568  4.7177926741093845
576  4.603391448352707
584  4.4914124242948334
592  4.381829249843182
600  4.274615726950564
608  4.1697458112224846
616  4.06719361152445
624  3.9669333895892813
632  3.8689395596243945
640  3.77318668791913
648  3.679649492452041
656  3.588302842498208
664  3.499121758236535
672  3.412081410357055
680  3.3271571196682426
688  3.2443243567043023
696  3.163558741332491
704  3.084836042360411
712  3.008132177143316
720  2.9334232111914105
728  2.8606853577771707
736  2.7898949775426307
744  2.7210285781066923
752  2.6540628136724393
760  2.58897448463442
768  2.5257405371859765
776  2.4643380629265277
784  2.4047442984688896
792  2.346936625046574
800  2.2908925681210826
808  2.2365897969892257
816  2.184006124390422
824  2.1331195061140007
832  2.0839080406065067
840  2.036349968579002
848  1.9904236726143771
856  1.94610767677465
864  1.903380646208271
872  1.862221386757426
880  1.8226088445653428
888  1.7845221056835965
896  1.7479403956794097
904  1.7128430792429616
912  1.679209659794686
920  1.6470197790925825
928  1.616253216839515
936  1.5868898902905213
944  1.55890985386011
952  1.5322932987295723
960  1.5070205524542826
968  1.4830720785710032
976  1.4604284762051878
984  1.439070479678287
992  1.4189789581150534
1000  1.400134915050843
1008  1.382519488038919
1016  1.3661139482577622
1024  1.3508997001183685
1032  1.3368582808715557
1040  1.3239713602152685
1048  1.3122207399018815
1056  1.301588353345504
1064  1.292056265229285
1072  1.283606671112715
1080  1.2762218970389319
1088  1.2698843991420274
1096  1.2645767632543474
1104  1.2602817045137964
1112  1.256982066971146
1120  1.2546608231973344
1128  1.2533010738907744
1136  1.2528860474846548
1144  1.2533990997542435
1152  1.2548237134241988
1160  1.2571434977758655
1168  1.260342188254582
1176  1.264403646076987
1184  1.2693118578383187
1192  1.2750509351197274
1200  1.281605114095568
1208  1.2889587551407147
1216  1.2970963424378612
1224  1.306002483584822
1232  1.3156619092018433
1240  1.3260594725388997
1248  1.337180149083007
1256  1.3490090361655147
1264  1.3615313525694255
1272  1.3747324381366854
1280  1.3885977533754958
1288  1.4031128790676164
1296  1.4182635158756673
1304  1.4340354839504357
1312  1.4504147225381796
1320  1.46738728958793
1328  1.4849393613587998
1336  1.5030572320272808
1344  1.5217273132945563
1352  1.5409361339937981
1360  1.560670339697477
1368  1.5809166923246607
1376  1.601662069748324
1384  1.6228934654026475
1392  1.644597987890327
1400  1.666762860589875
1408  1.6893754212629233
1416  1.7124231216615333
1424  1.735893527135492
1432  1.759774316239622
1440  1.7840532803410858
1448  1.8087183232266868
1456  1.8337574607101745
1464  1.8591588202395524
1472  1.884910640504376
1480  1.9110012710430617
1488  1.9374191718501899
1496  1.9641529129838093
1504  1.9911911741727393
1512  2.018522744423878
1520  2.0461365216295024
1528  2.0740215121745744
1536  2.102166830544049
1544  2.130561698930168
1552  2.1591954468397767
1560  2.1880575107016185
1568  2.2171374334736473
1576  2.246424864250324
1584  2.2759095578699235
1592  2.305581374521842
1600  2.3354302793538992
1608  2.3654463420796406
1616  2.395619736585643
1624  2.4259407405388207
1632  2.456399734993728
1640  2.4869872039998624
1648  2.517693734208972
1656  2.5485100144823547
1664  2.57942683549817
1672  2.610435089358734
1680  2.6415257691978296
1688  2.6726899687880143
1696  2.7039188821479128
1704  2.7352038031495334
1712  2.7665361251255645
1720  2.797907340476681
1728  2.8293090402788503
1736  2.860732913890634
1744  2.892170748560495
1752  2.9236144290340977
1760  2.9550559371616156
1768  2.986487351505036
1776  3.0179008469454613
1784  3.0492886942904156
1792  3.0806432598811435
1800  3.1119570051999244
1808  3.1432224864773706
1816  3.1744323542997317
1824  3.205579353216196
1832  3.2366563213462025
1840  3.2676561899867376
1848  3.2985719832196456
1856  3.3293968175189272
1864  3.3601239013580444
1872  3.390746534817234
1880  3.4212581091907976
1888  3.4516521065944143
1896  3.481922099572446
1904  3.5120617507052367
1912  3.5420648122164176
1920  3.5719251255802167
1928  3.601636621128758
1936  3.631193317659364
1944  3.660589322041868
1952  3.689818828825909
1960  3.718876119848241
1968  3.7477555638400366
1976  3.7764516160341928
1984  3.8049588177726337
1992  3.8332717961136087
2000  3.861385263439008
2008  3.889294017061665
2016  3.9169929388326454
2024  3.9444769947485723
2032  3.9717412345589214
2040  3.9987807913733193
2048  4.025590881268858
2056  4.05216680289739
2064  4.078503937092847
2072  4.10459774647852
2080  4.130443775074389
2088  4.1560376479044105
2096  4.181375070603833
2104  4.206451829026487
2112  4.231263788852104
2120  4.255806895193616
2128  4.28007717220445
2136  4.30407072268585
2144  4.327783727694167
2152  4.351212446148167
2160  4.37435321443634
2168  4.397202446024197
2176  4.419756631061579
2184  4.44201233598996
2192  4.463966203149753
2200  4.485614950387611
2208  4.506955370663729
2216  4.527984331659159
2224  4.5486987753831025
2232  4.569095717780223
2240  4.58917224833794
2248  4.6089255296937495
2256  4.628352797242508
2264  4.6474513587437585
2272  4.666218593929013
2280  4.684651954109078
2288  4.702748961781338
2296  4.720507210237074
2304  4.737924363168772
2312  4.754998154277403
2320  4.771726386879752
2328  4.78810693351572
2336  4.804137735555607
2344  4.819816802807442
2352  4.8351422131242705
2360  4.850112112011464
2368  4.8647247122340325
2376  4.87897829342391
2384  4.892871201687279
2392  4.906401849211855
2400  4.919568713874214
2408  4.932370338847074
2416  4.94480533220661
2424  4.956872366539762
2432  4.9685701785515315
2440  4.979897568672292
2448  4.990853400665078
2456  5.001436601232918
2464  5.011646159626115
2472  5.021481127249553
2480  5.030940617270016
2488  5.040023804223471
2496  5.048729923622391
2504  5.057058271563049
2512  5.065008204332829
2520  5.072579138017519
2528  5.079770548108632
2536  5.0865819691106875
2544  5.093012994148542
2552  5.099063274574673
2560  5.104732519576497
2568  5.1100204957836555
2576  5.114927026875342
2584  5.1194519931875915
2592  5.123595331320586
2600  5.127357033745964
2608  5.1307371484141235
2616  5.13373577836152
2624  5.136353081317979
2632  5.138589269313993
2640  5.140444608288035
2648  5.1419194176938525
2656  5.143014070107778
2664  5.143728990836031
2672  5.144064657522022
2680  5.144021599753664
2688  5.143600398670659
2696  5.142801686571827
2704  5.141626146522382
2712  5.1400745119612665
2720  5.138147566308429
2728  5.135846142572141
2736  5.133171122956305
2744  5.130123438467747
2752  5.126704068523535
2760  5.122914040558273
2768  5.1187544296314025
2776  5.114226358034517
2784  5.109330994898657
2792  5.104069555801628
2800  5.098443302375285
2808  5.092453541912852
2816  5.08610162697622
2824  5.079388955003251
2832  5.0723169679150875
2840  5.064887151723454
2848  5.057101036137949
2856  5.048960194173372
2864  5.0404662417570165
2872  5.031620837335969
2880  5.0224256814844175
2888  5.012882516510959
2896  5.0029931260659
2904  4.992759334748564
2912  4.982183007714595
2920  4.971266050283252
2928  4.960010407544732
2936  4.9484180639674555
2944  4.936491043005388
2952  4.924231406705323
2960  4.911641255314217
2968  4.898722726886453
2976  4.885477996891185
2984  4.871909277819616
2992  4.858018818792314
3000  4.843808905166511
3008  4.829281858143408
3016  4.814440034375484
3024  4.799285825573793
3032  4.783821658115273
3040  4.768049992650052
3048  4.751973323708745
3056  4.735594179309764
3064  4.718915120566622
3072  4.701938741295234
3080  4.684667667621225
3088  4.667104557587234
3096  4.649252100760215
3104  4.631113017838739
3112  4.612690060260311
3120  4.593986009808655
3128  4.575003678221042
3136  4.555745906795567
3144  4.536215565998476
3152  4.516415555071459
3160  4.496348801638959
3168  4.476018261315469
3176  4.455426917312847
3184  4.4345777800476105
3192  4.413473886748245
3200  4.392118301062509
3208  4.37051411266474
3216  4.34866443686315
3224  4.326572414207141
3232  4.304241210094601
3240  4.281674014379209
3248  4.258874040977747
3256  4.235844527477396
3264  4.212588734743044
3272  4.189109946524586
3280  4.165411469064233
3288  4.141496630703818
3296  4.117368781492091
3304  4.093031292792034
3312  4.068487556888159
3320  4.043740986593812
3328  4.018795014858478
3336  3.9936530943750927
3344  3.9683186971873323
3352  3.9427953142969283
3360  3.9170864552709723
3368  3.891195647849213
3376  3.8651264375513663
3384  3.8388823872844156
3392  3.8124670769499214
3400  3.78588410305132
3408  3.759137078301229
3416  3.7322296312287553
3424  3.705165405786797
3432  3.6779480609593422
3440  3.6505812703687845
3448  3.6230687218832176
3456  3.5954141172237404
3464  3.5676211715717714
3472  3.5396936131763392
3480  3.5116351829613937
3488  3.483449634133112
3496  3.4551407317871985
3504  3.4267122525161886
3512  3.398167984016761
3520  3.369511724697031
3528  3.340747283283861
3536  3.3118784784301654
3544  3.2829091383222107
3552  3.2538431002869235
3560  3.2246842103991935
3568  3.1954363230891776
3576  3.166103300749601
3584  3.1366890133430707
3592  3.1071973380093687
3600  3.0776321586727624
3608  3.047997365649307
3616  3.0182968552541523
3624  2.9885345294088435
3632  2.9587142952486274
3640  2.928840064729757
3648  2.8989157542367923
3656  2.868945284189909
3664  2.8389325786522015
3672  2.8088815649369856
3680  2.778796173215104
3688  2.7486803361222307
3696  2.718537988366172
3704  2.6883730663341776
3712  2.6581895077002398
3720  2.6279912510323955
3728  2.5977822354000377
3736  2.5675663999812133
3744  2.53734768366993
3752  2.5071300246834625
3760  2.476917360169651
3768  2.446713625814212
3776  2.4165227554480366
3784  2.386348680654501
3792  2.356195330376766
3800  2.326066630525081
3808  2.2959665035840917
3816  2.2658988682201433
3824  2.2358676388885814
3832  2.2058767254410605
3840  2.1759300327328472
3848  2.146031460230123
3856  2.1161849016172884
3864  2.08639424440427
3872  2.0566633695338212
3880  2.02699615098883
3888  1.9973964553996177
3896  1.9678681416512513
3904  1.938415060490841
3912  1.9090410541348453
3920  1.87974995587638
3928  1.8505455896925167
3936  1.8214317698515892
3944  1.7924123005204984
3952  1.7613765001297
3960  1.7346715771920935
3968  1.705957877487152
3976  1.6773536360914043
3984  1.6488626007741474
3992  1.6204885068470716
4000  1.5922350767715632
4008  1.5641060197660104
4016  1.536105031413105
4024  1.5082357932671462
4032  1.48050197246135
4040  1.4529072213151484
4048  1.4254551769414936
4056  1.3981494608541671
4064  1.3709936785750776
4072  1.3439914192415716
4080  1.3171462552137296
4088  1.2904617416816817
4096  1.263941416272898
4104  1.2375887986595064
4112  1.2114073901655857
4120  1.1854006733744789
4128  1.1595721117360909
4136  1.133925149174195
4144  1.1084632096937383
4152  1.0831896969881432
4160  1.058107994046615
4168  1.0332214627614447
4176  1.0085334435353122
4184  0.98404725488859
4192  0.9597661930666518
4200  0.9356935316471706
4208  0.9118325211474277
4216  0.8881863886316174
4224  0.8647583373181453
4232  0.8415515461869388
4240  0.8185691695867484
4248  0.795814336842452
4256  0.7732901518623599
4264  0.7509996927455203
4272  0.7289460113890198
4280  0.707132133095291
4288  0.6855610561794151
4296  0.6642357515764283
4304  0.6431591624486221
4312  0.6223342037928519
4320  0.6017637620478369
4328  0.5814506947014694
4336  0.5613978298981136
4344  0.5416079660459147
4352  0.5220838714241008
4360  0.5028282837902858
4368  0.483843909987776
4376  0.465133425552873
4384  0.4466994743221801
4392  0.4285446680399036
4400  0.4106715859651585
4408  0.39308277447927237
4416  0.37578074669308953
4424  0.3587679820542777
4432  0.34204692595462716
4440  0.3256199893373607
4448  0.30948954830443226
4456  0.29365794372383697
4464  0.27812748083690914
4472  0.26290042886563436
4480  0.24797902061994442
4488  0.23336545210502954
4496  0.2190618821286381
4504  0.2050704319083821
4512  0.1913931846790427
4520  0.1780321852998721
4528  0.16498943986189854
4536  0.15226691529523137
4544  0.13986653897636758
4552  0.1277901983354885
4560  0.11603974046377272
4568  0.10461697172069481
4576  0.09352365734133067
4584  0.08276152104366516
4592  0.07233224463588903
4600  0.06223746762371254
4608  0.05247878681766134
4616  0.043057755940386466
4624  0.03397588523396333
4632  0.025234641067203557
4640  0.016835445542950037
4648  0.00877967610538865
4656  0.0010686651473487616
4664  -0.006296300382392983
4672  -0.013313979371804334
4680  -0.01998317693829719
4688  -0.026302744821424223
4696  -0.03227158177556983
4704  -0.037888633962648244
4712  -0.04315289534480265
4720  -0.04806340807709567
4728  -0.05261926290020644
4736  -0.0568195995331306
4744  -0.06066360706587066
4752  -0.064150524352133
4760  -0.067279640402026
4768  -0.07005029477475364
4776  -0.07246187797131294
4784  -0.07451383182718767
4792  -0.0762056499050433
4800  -0.07753687788742922
4808  -0.07850711396946511
4816  -0.0791160092515446
4824  -0.07936326813202632
4832  -0.07924864869993126
4840  -0.07877196312763868
4848  -0.07793307806358252
4856  -0.07673191502494414
4864  -0.0751684507903526
4872  -0.07324271779257632
4880  -0.07095480451122156
4888  -0.0683048558654264
4896  -0.06529307360655737
4904  -0.0619197167109061
4912  -0.05818510177238237
4920  -0.05408960339521337
4928  -0.049633654586636405
4936  -0.0448177471495953
4944  -0.03964243207543945
4952  -0.034108319936613715
4960  -0.028216081279359123
4968  -0.021966447016406716
4976  -0.01536020881967274
4984  -0.008398219512955711
4992  -0.001081393464631701
5000  0.006589293019650881
5008  0.014612801304273872
5016  0.022988030030955446
5024  0.03171381472605189
5032  0.040788927407864405
5040  0.05021207619394244
5048  0.05998190490838615
5056  0.0700969926891541
5064  0.08055585359536495
5072  0.0913569362146022
5080  0.10249862327021866
5088  0.11397923122864048
5096  0.12579700990667236
5104  0.1379501420788003
5112  0.15043674308449673
5120  0.16325486043552465
5128  0.17640247342324128
5136  0.18987749272590398
5144  0.20367776001597257
5152  0.21780104756741359
5160  0.2322450578630072
5168  0.2470074232016477
5176  0.2620857053056506
5184  0.27747739492805534
5192  0.2931799114599307
5200  0.3091906025376778
5208  0.32550674365033505
5216  0.3421255377468825
5224  0.3590441148435456
5232  0.3762595316310999
5240  0.393768771082175
5248  0.41156874205855903
5256  0.4296562789185025
5264  0.44802814112402317
5272  0.4666810128482095
5280  0.4856115025825258
5288  0.5048161427441158
5296  0.5242913892831068
5304  0.5440336212899145
5312  0.5640391406025469
5320  0.5843041714139088
5328  0.6048248598791055
5336  0.6255972737227472
5344  0.6466174018462543
5352  0.6678811539351597
5360  0.689384360066415
5368  0.7111227703156933
5376  0.733092054364694
5384  0.7552878011084478
5392  0.7777055182626187
5400  0.8003406319708117
5408  0.8231884864118725
5416  0.8462443434071975
5424  0.8695033820280317
5432  0.8929606982027795
5440  0.9166113043243017
5448  0.9404501288572266
5456  0.9644720159452496
5464  0.9886717250184407
5472  1.0130439304005443
5480  1.0375832209162892
5488  1.0622840994986895
5496  1.0871409827963479
5504  1.1121482007807608
5512  1.1372999963536257
5520  1.1625905249541408
5528  1.1880138541663108
5536  1.2135639633262545
5544  1.2392347431295028
5552  1.265019995238307
5560  1.2909134318889428
5568  1.3169086754990162
5576  1.3429992582747619
5584  1.3691786218183528
5592  1.3954401167352035
5600  1.4217770022412723
5608  1.4481824457703678
5616  1.4746495225814522
5624  1.5011712153659449
5632  1.5277404138550288
5640  1.554349914426951
5648  1.5809924197143306
5656  1.6076605382114613
5664  1.6343467838816164
5672  1.661043575764352
5680  1.6877432375828114
5688  1.71443799735103
5696  1.7411199869812395
5704  1.7677812418911716
5712  1.794413700611363
5720  1.8210092043924588
5728  1.8475594968125169
5736  1.8740562233843137
5744  1.9004909311626454
5752  1.9268550683516337
5760  1.953139983912033
5768  1.9793369271685304
5776  2.0054370474170513
5784  2.031431393532061
5792  2.057310913573879
5800  2.0830664543959703
5808  2.108688761252256
5816  2.134168477404418
5824  2.1594961437292017
5832  2.184662198325723
5840  2.2096569761227647
5848  2.234470708486092
5856  2.259093522825748
5864  2.2835154422033614
5872  2.307726384939451
5880  2.3317161642207305
5888  2.355474487707408
5896  2.378990957140496
5904  2.402255067949114
5912  2.42525620885779
5920  2.4479836614937684
5928  2.4704265999943114
5936  2.4925740906140073
5944  2.514415091332071
5952  2.535938451459647
5960  2.5571329112471166
5968  2.5779871014914058
5976  2.5984895431432777
5984  2.618628646914651
5992  2.638392712885892
6000  2.6577699301131306
6008  2.676748376235553
6016  2.6953160170827113
6024  2.7134607062818317
6032  2.7311701848651104
6040  2.7484320808770266
6048  2.7652339089816382
6056  2.7815630700698892
6064  2.7974068508669214
6072  2.812752423539365
6080  2.8275868453026556
6088  2.8418970580283274
6096  2.8556698878513282
6104  2.8688920447773145
6112  2.8815501222899593
6120  2.8936305969582614
6128  2.905119828043839
6136  2.916004057108243
6144  2.926269407620256
6152  2.9359018845632026
6160  2.944887374042244
6168  2.9532116428916915
6176  2.9608603382823073
6184  2.9678189873286067
6192  2.9740729966961643
6200  2.9796076522089208
6208  2.9844081184564804
6216  2.988459438401421
6224  2.991746532986599
6232  2.994254200742448
6240  2.995967117394287
6248  2.996869835469627
6256  2.9969467839054653
6264  2.996182267655604
6272  2.994560467297942
6280  2.992065438641785
6288  2.9886811123351515
6296  2.98439129347207
6304  2.979179661199892
6312  2.9730297683265863
6320  2.965925040928055
6328  2.9578487779554283
6336  2.948784150842372
6344  2.9387142031123914
6352  2.927621849986137
6360  2.915489877988708
6368  2.902300944556953
6376  2.88803757764678
6384  2.87268217534046
6392  2.8562170054539244
6400  2.838624205144078
6408  2.8198857805160973
6416  2.7999836062307386
6424  2.7788994251116375
6432  2.7566148477526182
6440  2.733111352124996
6448  2.7083702831848813
6456  2.682372852480482
6464  2.65510013775941
6472  2.626533082575986
6480  2.5966524958985415
6488  2.5654390517167256
6496  2.5328732886488066
6504  2.498935609548977
6512  2.463606281114659
6520  2.42686543349381
6528  2.3886930598922205
6536  2.3490690161808265
6544  2.3079730205030073
6552  2.2653846528818935
6560  2.221283354827672
6568  2.1756484289448843
6576  2.1284590385397366
6584  2.0796942072274045
