0.0  20.85444831848145
263.5057323879089  2.235390663146973
527.0114647758179  0.9231973886489868
790.5171971637269  1.264050364494324
1054.0229295516358  2.761527538299561
1317.5286619395447  1.462081670761108
1581.0343943274538  0.9027794003486632
1844.5401267153627  4.449456691741943
2108.045859103272  4.087703227996826
2371.5515914911807  9.384995460510254
2635.0573238790894  5.13934326171875
2898.5630562669985  3.565239429473877
3162.068788654908  2.25390362739563
3425.5745210428163  1.783062100410461
3689.080253430725  1.898822546005249
3952.585985818634  1.7613765001297
4216.091718206543  2.446138620376587
4479.597450594452  3.849209785461426
4743.103182982361  2.608917236328125
5006.60891537027  2.021255016326904
5270.114647758179  0.462259978055954
5533.620380146088  0.3719998002052307
5797.126112533997  1.137092590332031
6060.631844921906  1.250120759010315
6324.137577309815  1.439705967903137
6587.643309697723  2.056958198547363
6851.149042085633  3.511771440505981
7114.654774473542  1.58170223236084
7378.160506861451  1.073981761932373
7641.66623924936  1.958163022994995
