0  20.85444831848145
8  19.009497061822454
16  17.26001299149024
24  15.602576369034816
32  14.033858142978927
40  12.550618129065436
48  11.14970321817841
56  9.828045611624184
64  8.582661083460028
72  7.410647269562941
80  6.309181983130737
88  5.275521556312964
96  4.306999207669158
104  3.401023435156608
112  2.5550764343505032
120  1.7667125416029996
128  1.0335567018498844
136  0.3533029607751932
144  -0.2762870189518507
152  -0.8573854176527796
160  -1.392099695109355
168  -1.8824740038069279
176  -2.3304905792282073
184  -2.738071107472407
192  -3.107078070471197
200  -3.439316069073125
208  -3.7365331242621793
216  -4.0004219567776
224  -4.232621245396999
232  -4.434716864143802
240  -4.608243098677657
248  -4.754683842124091
256  -4.875473770597403
264  -4.971999498668677
272  -5.045600715028371
280  -5.097571298591126
288  -5.129160415287788
296  -5.141573595787943
304  -5.135973794393551
312  -5.113482429342754
320  -5.075180404760207
328  -5.0221091144885435
336  -4.955271428033267
344  -4.875632658851457
352  -4.784121515212412
360  -4.681631033856297
368  -4.569019496674943
376  -4.447111330636757
384  -4.316697991175815
392  -4.17853882926279
400  -4.033361942374028
408  -3.8818650095726013
416  -3.7247161109129627
424  -3.5625545313797744
432  -3.395991549568263
440  -3.225611211312785
448  -3.051971088467229
456  -2.8756030230397354
464  -2.6970138568818625
472  -2.5166861471306987
480  -2.3350788676003735
488  -2.1526280963174154
496  -1.9697476893928538
504  -1.786829941422076
512  -1.6042462326010283
520  -1.4223476627464549
528  -1.241465672405186
536  -1.0619126512363009
544  -0.8839825338477704
552  -0.7079513832676267
560  -0.5340779622278492
568  -0.3626042924374028
576  -0.19375620201917862
584  -0.02774386128365087
592  0.13523769298937638
600  0.2950080445915714
608  0.4514008960815454
616  0.6042635779689853
624  0.7534565687229442
632  0.8988530254416791
640  1.0403383250228748
648  1.1778096156748936
656  1.3111753786112779
664  1.4403549997723604
672  1.5652783514194801
680  1.6858853834488807
688  1.8021257242740143
696  1.9139582911265003
704  2.0213509096276256
712  2.124279942483826
720  2.22272992716107
728  2.316693222394769
736  2.4061696633932117
744  2.4911662255941383
752  2.5716966968355757
760  2.6477813578034946
768  2.719446670620484
776  2.786724975440938
784  2.8496541949198564
792  2.9082775464238346
800  2.9626432618541196
808  3.0128043149532298
816  3.058818155967991
824  3.100746453543216
832  3.13865484372177
840  3.1726126859280965
848  3.2026928258136826
856  3.228971364844304
864  3.2515274365103797
872  3.270442989042939
880  3.2858025745192494
888  3.297693144243282
896  3.306203850287793
904  3.3114258530859124
912  3.3134521349614716
920  3.3123773194886965
928  3.3082974965731924
936  3.3013100531472266
944  3.2915135093739103
952  3.2790073602558842
960  3.2638919225454455
968  3.24626818685445
976  3.226237674863285
984  3.2039023015296544
992  3.179364242199137
1000  3.1527258045204505
1008  3.124089305069948
1016  3.0935569505906177
1024  3.0612307237524785
1032  3.027212273342067
1040  2.991602808790112
1048  2.9545029989476093
1056  2.916012875021499
1064  2.8762317375825623
1072  2.8352580675589887
1080  2.793189441130424
1088  2.7501224484383058
1096  2.70615261602934
1104  2.6613743329502606
1112  2.6158807804128905
1120  2.5697638649496874
1128  2.523114154981105
1136  2.4760208207169776
1144  2.4285715773153655
1152  2.380852631223242
1160  2.332948629624433
1168  2.2849426129213213
1176  2.2369159701777686
1184  2.188948397451728
1192  2.1411178589470823
1200  2.0935005509151425
1208  2.0461708682372945
1216  1.999201373621259
1224  1.9526627693442962
1232  1.906623871477815
1240  1.8611515865286397
1248  1.8163108904332173
1256  1.7721648098419687
1264  1.7287744056318843
1272  1.6861987585864213
1280  1.644494957182664
1288  1.603718087426561
1296  1.5639212246780498
1304  1.525155427408642
1312  1.4874697328350417
1320  1.450911154373144
1328  1.415524680857687
1336  1.3813532774736645
1344  1.3484378883464487
1352  1.3168174407384197
1360  1.286528850800748
1368  1.2576070308297649
1376  1.2300848979782169
1384  1.2039933843724744
1392  1.179361448587593
1400  1.1562160884329062
1408  1.1345823550016287
1416  1.114483367938722
1424  1.0959403318820466
1432  1.0789725540326103
1440  1.0635974628104512
1448  1.0498306275534597
1456  1.0376857792172183
1464  1.027174832034604
1472  1.018307906094728
1480  1.0110933508014028
1488  1.005537769172126
1496  1.001646042939251
1504  0.9994213584157099
1512  0.9988652330883503
1520  0.9999775429026555
1528  1.0027565502032874
1536  1.007198932295534
1544  1.01329981059351
1552  1.0210527803214735
1560  1.0304499407354188
1568  1.0414819258326635
1576  1.0541379355178209
1584  1.068405767194193
1592  1.0842718477502054
1600  1.1017212659111963
1608  1.1207378049274197
1616  1.141303975569755
1624  1.1634010494052496
1632  1.1870090923251615
1640  1.2121069982988018
1648  1.2386725233270226
1656  1.266682319569822
1664  1.2961119696230652
1672  1.3269360209198893
1680  1.3591280202329443
1688  1.3926605482541456
1696  1.4275052542291933
1704  1.4636328906245686
1712  1.5010133478054106
1720  1.539615688703022
1728  1.5794081834513796
1736  1.620358343972557
1744  1.6624329584913764
1752  1.7055981259602047
1760  1.7498192903753098
1768  1.7950612749665407
1776  1.841288316242817
1784  1.8884640978761607
1792  1.9365517844076527
1800  1.9855140547590195
1808  2.0353131355341842
1816  2.085910834095386
1824  2.137268571399094
1832  2.1893474145772545
1840  2.242108109249945
1848  2.295511111555891
1856  2.34951661988774
1864  2.404084606319437
1872  2.459174847713398
1880  2.514746956495712
1888  2.570760411087844
1896  2.6271745859838718
1904  2.6839487814625866
1912  2.7410422529242155
1920  2.7984142398418923
1928  2.856023994318435
1936  2.913830809239259
1944  2.971794046012768
1952  3.0298731618897925
1960  3.088027736854084
1968  3.1462175000762636
1976  3.206532716751099
1984  3.262542409520232
1992  3.320597991846824
2000  3.3785296843805472
2008  3.436298343262333
2016  3.493865122989971
2024  3.5511914996304226
2032  3.60823929354648
2040  3.6649706916331266
2048  3.7213482690592348
2056  3.7773350105105146
2064  3.832894330929944
2072  3.887990095752196
2080  3.9425866406288863
2088  3.9966487906417125
2096  4.050141879000834
2104  4.1030317652261985
2112  4.155284852809657
2120  4.206868106356076
2128  4.257749068201867
2136  4.307895874509666
2144  4.35727727083803
2152  4.405862627185436
2160  4.453621952507911
2168  4.500525908710079
2176  4.546545824109421
2184  4.5916537063739655
2192  4.635822254933727
2200  4.679024872866493
2208  4.721235678258765
2216  4.762429515042847
2224  4.80258196331132
2232  4.841669349110343
2240  4.87966875371337
2248  4.916558022377159
2256  4.952315772582052
2264  4.98692140175878
2272  5.020355094504108
2280  5.05259782928799
2288  5.083631384654937
2296  5.113438344922508
2304  5.142002105380063
2312  5.1693068769910235
2320  5.195337690602025
2328  5.220080400662641
2336  5.243521688459289
2344  5.265649064867328
2352  5.286450872625299
2360  5.305916288135542
2368  5.324035322795465
2376  5.340798823863961
2384  5.356198474867567
2392  5.370226795551009
2400  5.382877141377113
2408  5.394143702580937
2416  5.404021502783233
2424  5.412506397168538
2432  5.419595070233048
2440  5.425285033107873
2448  5.429574620463068
2456  5.43246298699819
2464  5.433950103525016
2472  5.434036752648328
2480  5.43272452405066
2488  5.430015809387015
2496  5.425913796795687
2504  5.420422465031344
2512  5.413546577226623
2520  5.4052916742886845
2528  5.39566406793694
2536  5.384670833388717
2544  5.372319801699175
2552  5.358619551762232
2560  5.343579401979172
2568  5.327209401601623
2576  5.309520321755827
2584  5.290523646154902
2592  5.2702315615061615
2600  5.248656947620352
2608  5.225813367229857
2616  5.2017150555228975
2624  5.176376909400833
2632  5.14981447646567
2640  5.122043943744977
2648  5.093082126161356
2656  5.062946454753713
2664  5.03165496465761
2672  4.999226282851921
2680  4.965679615679128
2688  4.931034736146577
2696  4.895311971016014
2704  4.858532187688739
2712  4.820716780893818
2720  4.781887659186617
2728  4.742067231265114
2736  4.701278392111382
2744  4.659544508965575
2752  4.616889407139881
2760  4.573337355679768
2768  4.528913052879954
2776  4.48364161166247
2784  4.4375485448241765
2792  4.390659750161124
2800  4.343001495477079
2808  4.294600403483569
2816  4.245483436598775
2824  4.1956778816525615
2832  4.1452113345049
2840  4.0941116845850285
2848  4.042407099358475
2856  3.9901260087292436
2864  3.937297089384279
2872  3.883949249087402
2880  3.830111610929829
2888  3.7758134975443287
2896  3.7210844152901026
2904  3.6659540384153875
2912  3.6104521932047375
2920  3.55460884211795
2928  3.498454067927478
2936  3.442018057861223
2944  3.3853310877574767
2952  3.3284235062387526
2960  3.271325718911256
2968  3.214068172596573
2976  3.1566813396022506
2984  3.099195702037741
2992  3.0416417361822656
3000  2.9840498969109674
3008  2.926450602185778
3016  2.8688742176172664
3024  2.81135104110376
3032  2.753911287553889
3040  2.696585073698718
3048  2.6394024029994765
3056  2.582393150656934
3064  2.5255870487282928
3072  2.469013671357482
3080  2.4127024201246283
3088  2.3566825095204185
3096  2.300982952550973
3104  2.2456325464788307
3112  2.1906598587054886
3120  2.1360932128009487
3128  2.081960674685573
3136  2.028290038969522
3144  1.975108815454943
3152  1.9224442158060044
3160  1.8703231403917835
3168  1.8187721653069377
3176  1.7678175295750127
3184  1.7174851225391252
3192  1.6678004714447194
3200  1.6187887292189707
3208  1.5704746624513244
3216  1.5228826395796051
3224  1.4760366192859977
3232  1.4299601391071366
3240  1.3846763042624428
3248  1.3402077767047587
3256  1.2965767643972275
3264  1.2538050108202898
3272  1.2119137847125567
3280  1.170923870049232
3288  1.1308555562616722
3296  1.0917286287015457
3304  1.053562359352998
3312  1.0163754977960902
3320  0.9801862624247224
3328  0.9450123319221049
3336  0.9108708369968015
3344  0.8777783523822111
3352  0.8457508891022946
3360  0.814803887006238
3368  0.7849522075746423
3376  0.7562101269997274
3384  0.7285913295419456
3392  0.7021089011652868
3400  0.6767753234534617
3408  0.6526024678090455
3416  0.6296015899375581
3424  0.6077833246183599
3432  0.5871576807641341
3440  0.567734036770619
3448  0.5495211361581658
3456  0.5325270835065671
3464  0.5167593406845199
3472  0.5022247233749784
3480  0.48892939789752554
3488  0.4768788783288262
3496  0.4660780239220779
3504  0.456531036826307
3512  0.4482414601062203
3520  0.441212176063246
3528  0.4354454048582729
3536  0.43094270343649177
3544  0.42770496475466613
3552  0.42573241731099776
3560  0.42502462497771804
3568  0.4255804871363671
3576  0.4273982391156582
3584  0.430475452931708
3592  0.4348090383303051
3600  0.44039524413078396
3608  0.4472296598709799
3616  0.4553072177526234
3624  0.46462219488642253
3632  0.4751682158360138
3640  0.4869382554598018
3648  0.49992464204966575
3656  0.5141190607653529
3664  0.5295125573633227
3672  0.5460955422186682
3680  0.5638577946386726
3688  0.5827884674664146
3696  0.6028760919727781
3704  0.6241085830351042
3712  0.6464732446006024
3720  0.6699567754325889
3728  0.6945452751374535
3736  0.7202242504702338
3744  0.7469786219165014
3752  0.7747927305482297
3760  0.803650345151175
3768  0.8335346696212321
3776  0.8644283506271038
3784  0.8963134855365607
3792  0.9291716306034438
3800  0.9629838094124805
3808  0.9977305215788986
3816  1.0333917516997162
3824  1.0699469785535018
3832  1.1073751845453026
3840  1.1456548653933663
3848  1.1847640400541484
3856  1.2246802608820742
3864  1.2653806240203698
3872  1.3068417800192298
3880  1.3490399446774992
3888  1.3919509101039418
3896  1.4355500559941008
3904  1.4798123611186742
3912  1.524712415019224
3920  1.5702244299069863
3928  1.6163222527604406
3936  1.662979377617231
3944  1.7101689580559651
3952  1.7613765001297
3960  1.8060364738816508
3968  1.8546591290329468
3976  1.9037037055133639
3984  1.953141848154458
3992  2.00294493994556
4000  2.053084115712512
4008  2.103530275947624
4016  2.1542541007857072
4024  2.2052260641209713
4032  2.2564164478594666
4040  2.3077953563017553
4048  2.3593327306503724
4056  2.4109983636365766
4064  2.462761914260877
4072  2.514592922641714
4080  2.5664608249666183
4088  2.6183349685401356
4096  2.6701846269227394
4104  2.7219790151548744
4112  2.7736873050602604
4120  2.825278640622493
4128  2.876722153428955
4136  2.9279869781759875
4144  2.979042268229219
4152  3.029857211232918
4160  3.080401044762178
4168  3.1306430720116807
4176  3.1805526775147923
4184  3.2300993428866502
4192  3.2792526625848772
4200  3.3279823596815445
4208  3.3762583016399317
4216  3.42405051608963
4224  3.4713292065934427
4232  3.5180647683996167
4240  3.5642278041727624
4248  3.609789139696909
4256  3.654719839544064
4264  3.6989912227016184
4272  3.7425748781519257
4280  3.785442680397354
4288  3.8275668049241154
4296  3.8689197435980907
4304  3.909474319985948
4312  3.9492037045947472
4320  3.9880814300232528
4328  4.0260814060181875
4336  4.063177934428566
4344  4.099345724051349
4352  4.134559905361589
4360  4.168796045120166
4368  4.202030160852417
4376  4.234238735190708
4384  4.265398730074178
4392  4.295487600798836
4400  4.324483309911134
4408  4.352364340938273
4416  4.379109711948375
4424  4.404698988933759
4432  4.429112299010508
4440  4.452330343427599
4448  4.474334410378791
4456  4.495106387610585
4464  4.514628774819482
4472  4.532884695831927
4480  4.54985791056018
4488  4.565532826727556
4496  4.579894511356353
4504  4.592928702011921
4512  4.604621817796342
4520  4.6149609700851375
4528  4.6239339730005975
4536  4.63152935361528
4544  4.637736361879215
4552  4.642544980264575
4560  4.645945933121404
4568  4.647930695738206
4576  4.648491503101138
4584  4.647621358345725
4592  4.645314040894879
4600  4.641564114277316
4608  4.636366933620257
4616  4.6297186528105705
4624  4.621616231318479
4632  4.612057440678016
4640  4.601040870618515
4648  4.5885659348414976
4656  4.574632876437357
4664  4.559242772936319
4672  4.542397540988305
4680  4.52409994066627
4688  4.504353579387844
4696  4.483162915449993
4704  4.460533261171728
4712  4.436470785639725
4720  4.410982517052055
4728  4.384076344655189
4736  4.355761020269486
4744  4.3260461593986435
4752  4.294942241918538
4760  4.262460612341079
4768  4.228613479648737
4776  4.193413916695577
4784  4.156875859170731
4792  4.1190141041203105
4800  4.079844308023929
4808  4.039382984422133
4816  3.997647501091082
4824  3.9546560767610464
4832  3.9104277773753777
4840  3.8649825118866734
4848  3.8183410275871297
4856  3.7705249049700735
4864  3.7215565521198855
4872  3.67145919862765
4880  3.6202568890300086
4888  3.5679744757688217
4896  3.5146376116694062
4904  3.46027274193534
4912  3.4049070956578045
4920  3.348568676837792
4928  3.2912862549195356
4936  3.233089354833734
4944  3.174008246549298
4952  3.1140739341325068
4960  3.0533181443126485
4968  2.99177331455342
4976  2.9294725806294286
4984  2.8664497637074837
4992  2.8027393569324044
5000  2.7383765115173513
5008  2.673397022338804
5016  2.6078373130365606
5024  2.5417344206193255
5032  2.475125979576555
5040  2.4080502054976125
5048  2.3405458781992716
5056  2.272652324362999
5064  2.2044093996835596
5072  2.135857470530692
5080  2.0670373951258783
5088  1.997990504236422
5096  1.9287585813892212
5104  1.8593838426069462
5112  1.7899089156694605
5120  1.7203768189036377
5128  1.6508309395048701
5136  1.5813150113939074
5144  1.5118730926128023
5152  1.4425495422640537
5160  1.3733889969972466
5168  1.3044363470477534
5176  1.2357367118322942
5184  1.1673354151064415
5192  1.0992779596893765
5200  1.0316100017614862
5208  0.9643773247406502
5216  0.8976258127433339
5224  0.831401423636874
5232  0.7657501616896122
5240  0.7007180498258196
5248  0.6363511014926285
5256  0.5726952921464622
5264  0.5097965303667623
5272  0.44770062860508
5280  0.38645327357790304
5288  0.32609999631188225
5296  0.2666861418504226
5304  0.2082568386309016
5312  0.15085696754209255
5320  0.09453113067166714
5328  0.03932361975397279
5336  -0.014721615671400977
5344  -0.06756100037945593
5352  -0.11915136584684638
5360  -0.16944998289471752
5368  -0.2184145945754963
5376  -0.26600344929151704
5384  -0.31217533413300247
5392  -0.3568896084225892
5400  -0.4001062374532579
5408  -0.44178582640615577
5416  -0.4818896544344842
5424  -0.5203797088992405
5432  -0.5572187197422703
5440  -0.5923701939817201
5448  -0.6257984503146032
5456  -0.6574686538108635
5464  -0.6873468506829146
5472  -0.7154000031142802
5480  -0.741596024130563
5488  -0.765903812495647
5496  -0.7882932876155855
5504  -0.8087354244322579
5512  -0.8272022882885579
5520  -0.8436670697463654
5528  -0.8581041193382696
5536  -0.8704889822335232
5544  -0.8807984327983822
5552  -0.8890105090304933
5560  -0.895104546846678
5568  -0.8990612142029547
5576  -0.9008625450252938
5584  -0.9004919729291425
5592  -0.897934364705334
5600  -0.8931760535495886
5608  -0.8862048720123826
5616  -0.877010184645451
5624  -0.8655829203209068
5632  -0.851915604198356
5640  -0.8360023893150301
5648  -0.8178390877734927
5656  -0.7974232015010286
5664  -0.7747539525543478
5672  -0.749832312942778
5680  -0.7226610339427277
5688  -0.6932446748755674
5696  -0.6615896313208315
5704  -0.6277041627359662
5712  -0.5915984194534906
5720  -0.5532844690259242
5728  -0.5127763218883324
5736  -0.470089956307881
5744  -0.4252433425892694
5752  -0.378256466504456
5760  -0.3291513519145438
5768  -0.2779520825512149
5776  -0.22468482292461148
5784  -0.16937783832402686
5792  -0.11206151387722475
5800  -0.052768372633799
5808  0.00846690736267647
5816  0.07160747704939567
5824  0.13661430140218456
5832  0.20344614561327937
5840  0.27205956242630913
5848  0.34240888066633535
5856  0.41444619500333685
5864  0.4881213569880792
5872  0.5633819673998471
5880  0.6401733699461012
5888  0.7184386463546459
5896  0.7981186128994799
5904  0.8791518184020511
5912  0.9614745437502281
5920  1.0450208029778483
5928  1.139096140861511
5936  1.2155086626861888
5944  1.3023069894016255
5952  1.3900423162524786
5960  1.4786373968902478
5968  1.5680127598360372
5976  1.6580867217335828
5984  1.7487754025269575
5992  1.8399927426111253
6000  1.9316505220041857
6008  2.0236583815907285
6016  2.1159238464863384
6024  2.208352351573931
6032  2.300847269263222
6040  2.3933099395252455
6048  2.4856397022544687
6056  2.577733932011754
6064  2.669488075201933
6072  2.760795689740559
6080  2.851548487264904
6088  2.9416363779450196
6096  3.03094751795134
6104  3.1193683596358266
6112  3.206783704484585
6120  3.29307675890021
6128  3.3781291928731454
6136  3.461821201601703
6144  3.544031570121285
6152  3.6246377410039603
6160  3.7035158851901904
6168  3.7805409760152573
6176  3.8555868664936566
6184  3.9285263699252875
6192  3.9992313438881695
6200  4.06757277768295
6208  4.133420883295276
6216  4.196645189942789
6224  4.257114642274208
6232  4.314697702288726
6240  4.3692624550446135
6248  4.4206767182267255
6256  4.468808155643251
6264  4.513524394722916
6272  4.554693148084413
6280  4.592182339250745
6288  4.625860232581839
6296  4.655595567499514
6304  4.681257697079719
6312  4.702716731087684
6320  4.7198436835323525
6328  4.7325106248173
6336  4.740590838566048
6344  4.743958983200595
6352  4.742491258352492
6360  4.736065576186969
6368  4.72456173772101
6376  4.707861614217343
6384  4.685849333736972
6392  4.658411472933796
6400  4.625437254175392
6408  4.586818748075371
6416  4.5424510815228105
6424  4.492232651295836
6432  4.436065343346579
6440  4.373854757846107
6448  4.305510440078317
6456  4.230946117272964
6464  4.15007994146854
6472  4.062834738496769
6480  3.9691382631812577
6488  3.86892346084362
6496  3.7621287352113626
6504  3.6486982228226204
6512  3.5285820740236105
6520  3.401736740655731
6528  3.2681252705299055
6536  3.1277176087867176
6544  2.9804909062418115
6552  2.8264298348167993
6560  2.66552691015693
6568  2.497782821537507
6576  2.3232067691621086
6584  2.1418168089563943
6592  1.953640204962298
6600  1.758713789438255
6608  1.5570843307720166
6616  1.3488089093135598
6624  1.1339553012364392
6632  0.9126023705369483
6640  0.6848404692812528
6648  0.450771846211698
6656  0.2105110638244189
6664  -0.03581457596886105
6672  -0.2880645974807132
6680  -0.5460849080747889
6688  -0.8097073460635947
6696  -1.0787492195605202
6704  -1.3530128361682465
6712  -1.6322850233850195
6720  -1.9163366396088866
6728  -2.2049220756194647
6736  -2.49777874641549
6744  -2.7946265732856372
6752  -3.09516745598907
6760  -3.3990847349211055
6768  -3.706042643138488
6776  -4.015685748117932
6784  -4.327638383120075
6792  -4.641504068030691
6800  -4.956864919549497
6808  -5.273281050595993
6816  -5.590289958800931
6824  -5.907405903950875
6832  -6.22411927425212
6840  -6.539895941279813
6848  -6.854176603476113
6856  -7.166376118061365
6864  -7.475882821220116
6872  -7.7820578364236574
6880  -8.084234370749261
6888  -8.381716999055097
6896  -8.673780935869555
6904  -8.959671294851358
6912  -9.238602335677358
6920  -9.509756698212353
6928  -9.772284623815143
6936  -10.025303163633897
6944  -10.267895373742265
6952  -10.49910949696731
6960  -10.717958131258543
6968  -10.923417384447161
6976  -11.114426015242442
6984  -11.289884560312116
6992  -11.448654447291611
7000  -11.589557093566798
7008  -11.711372990673079
7016  -11.81284077415289
7024  -11.892656278712503
7032  -11.949471578517707
7040  -11.981894012467704
7048  -11.988485194283736
7056  -11.967760007249614
7064  -11.918185583439254
7072  -11.83818026726524
7080  -11.726112563181546
7088  -11.580300067372216
7096  -11.399008383256605
7104  -11.180450020641375
7112  -10.922783278346731
7120  -10.624111110134798
7128  -10.282479973766218
7136  -9.895878663009798
7144  -9.462237122428697
7152  -8.9794252447665
7160  -8.445251650753868
7168  -7.857462451156328
7176  -7.2137399908824795
7184  -6.511701574970175
7192  -5.748898176267385
7200  -4.922813124623504
7208  -4.030860777405364
7216  -3.070385171150674
7224  -2.038658654171324
7232  -0.932880499916867
7240  0.24982449909222304
