0  2114.884765625
8  2038.541765631122
16  1964.0324858308365
24  1891.3302639954557
32  1820.408720320953
40  1751.2417551265798
48  1683.803546568077
56  1618.0685483654518
64  1554.0114875451684
72  1491.6073621967869
80  1430.8314392438897
88  1371.659252229237
96  1314.066599114187
104  1258.0295400921293
112  1203.524395415992
120  1150.5277432397706
128  1099.0164174738902
136  1048.9675056544204
144  1000.3583468260874
152  953.1665294389456
160  907.369889258673
168  862.9465072904758
176  819.8747077164207
184  778.133055846239
192  737.7003560814886
200  698.5556498929244
208  660.6782138112657
216  624.0475574309181
224  588.6434214269291
232  554.4457755849334
240  521.4348168440313
248  489.5909673525544
256  458.89487253672775
264  429.3273991820647
272  400.86963352738394
280  373.502879371601
288  347.20865619296205
296  321.96869728089354
304  297.7649478801932
312  274.57956334770125
320  252.394907321197
328  231.19354990060583
336  210.95826584138734
344  191.67203276002718
352  173.31802935165484
360  155.8796336195848
368  139.34042111684585
376  123.68416319962249
384  108.89482529244188
392  94.95656516515413
400  81.85373122164211
408  69.57086080012593
416  58.09267848505418
424  47.40409443051321
432  37.49020269511908
440  28.336279588217135
448  19.927782027605073
456  12.250345908251106
464  5.2897844825616005
472  -0.9679132484930015
480  -6.536584132940021
488  -11.429892454413029
496  -15.66133150777102
504  -19.244225163788997
512  -22.191729422953298
520  -24.5168339584128
528  -26.232363648305707
536  -27.35098009728631
544  -27.885183147362298
552  -27.847312378253257
560  -27.2495485971694
568  -26.10391531818314
576  -24.42228023101228
584  -22.216356659642525
592  -19.497705010506078
600  -16.277734210506285
608  -12.567703134752858
616  -8.378722024217513
624  -3.7217538933014502
632  1.3923840726563235
640  6.953019129878964
648  12.949621598453106
656  19.371803494664576
664  26.209317172990538
672  33.45205397802391
680  41.09004290596563
688  49.11344927581993
696  57.51257341026778
704  66.27784932597248
712  75.39984343348596
720  84.86925324654425
728  94.6769061008078
736  104.8137578818862
744  115.27089176272122
752  126.03951695018382
760  137.1109674408867
768  148.4767007860588
776  160.12829686563086
784  172.0574566713168
792  184.25600109856333
800  196.7158697477173
808  209.42911973379242
816  222.3879245052372
824  235.58457267150334
832  249.01146683923739
840  262.6611224573549
848  276.5261666705516
856  290.59933718160374
864  304.8734811220527
872  319.341553931547
880  333.99661824546286
888  348.8318427911276
896  363.8405012922378
904  379.01597138168864
912  394.3517335225944
920  409.84136993763286
928  425.47856354636775
936  441.25709691100013
944  457.1708511898129
952  473.21380509902605
960  489.3800338823597
968  505.6637082886669
976  522.0590935574696
984  538.5605484122508
992  555.1625240616604
1000  571.8595632084064
1008  588.6462990658551
1016  605.5174543824232
1024  622.4678404733811
1032  639.4923562604713
1040  656.5859873188546
1048  673.74380493173
1056  690.9609651522549
1064  708.23270787298
1072  725.5543559026161
1080  742.9213140500452
1088  760.3290682157657
1096  777.7731844903888
1104  795.2493082604935
1112  812.753163321529
1120  830.2805509978316
1128  847.8273492697601
1136  865.3895119077985
1144  882.9630676136894
1152  900.5441191684591
1160  918.1288425873843
1168  935.7134862817853
1176  953.2943702276635
1184  970.867885141087
1192  988.430491660349
1200  1005.9787195347733
1208  1023.5091668202344
1216  1041.01849908122
1224  1058.5034485995716
1232  1075.9608135896192
1240  1093.3874574199688
1248  1110.7803078416366
1256  1128.136356222621
1264  1145.4526567888981
1272  1162.7263258717203
1280  1179.9545411611991
1288  1197.1345409662144
1296  1214.2636234804886
1304  1231.3391460548617
1312  1248.3585244757257
1320  1265.3192322495843
1328  1282.218799893656
1336  1299.054814232516
1344  1315.824917700737
1352  1332.5268076515322
1360  1349.1582356712734
1368  1365.717006899898
1376  1382.2009793572058
1384  1398.6080632749322
1392  1414.9362204346146
1400  1431.1834635112118
1408  1447.347855422401
1416  1463.427508683592
1424  1479.4205847685075
1432  1495.325293475411
1440  1511.1398922989358
1448  1526.8626858073153
1456  1542.492025025256
1464  1558.0263068221739
1472  1573.4639733058755
1480  1588.8035112216508
1488  1604.0434513566831
1496  1619.1823679498366
1504  1634.218878106668
1512  1649.1516412197252
1520  1663.97935839407
1528  1678.7007718779705
1536  1693.314664498753
1544  1707.8198591037678
1552  1722.2152180064493
1560  1736.4996424374278
1568  1750.6720720006517
1576  1764.7314841345092
1584  1778.676893577891
1592  1792.5073518411998
1600  1806.2219466822194
1608  1819.8198015868652
1616  1833.3000752547466
1624  1846.6619610895411
1632  1859.9046866941126
1640  1873.0275133703692
1648  1886.0297356238286
1656  1898.9106806728385
1664  1911.6697079624453
1672  1924.3062086828659
1680  1936.8196052925405
1688  1949.2093510457191
1696  1961.4749295245824
1704  1973.6158541758332
1712  1985.6316678517396
1720  1997.5219423556257
1728  2009.2862779917307
1736  2020.9243031194437
1744  2032.4356737118906
1752  2043.820072918794
1760  2055.0772106336403
1768  2066.2068230650816
1776  2077.2086723125544
1784  2088.0825459460957
1792  2098.8282565903187
1800  2109.4456415125096
1808  2119.9345622148494
1816  2130.294904030701
1824  2140.526575724934
1832  2150.629509098289
1840  2160.60365859572
1848  2170.4490009187048
1856  2180.165534641496
1864  2189.753279831268
1872  2199.212277672167
1880  2208.5425900931955
1888  2217.744299399931
1896  2226.8175079100533
1904  2235.7623375926273
1912  2244.5789297111546
1920  2253.2674444703234
1928  2261.8280606664707
1936  2270.260975341701
1944  2278.5664034416495
1952  2286.7445774768676
1960  2294.795747187777
1968  2302.720179213215
1976  2310.5181567625045
1984  2318.1899792910212
1992  2325.7359621792843
2000  2333.1564364154733
2008  2340.451748281404
2016  2347.622259041903
2024  2354.668344637581
2032  2361.5903953809657
2040  2368.38881565595
2048  2375.0640236205936
2056  2381.616450913176
2064  2388.046542361545
2072  2394.3547556956737
2080  2400.541561263457
2088  2406.6074417497016
2096  2412.5528918982577
2104  2418.3784182373333
2112  2424.0845388079033
2120  2429.671782895221
2128  2435.1406907634164
2136  2440.491813393131
2144  2445.7257122221895
2152  2450.84295888928
2160  2455.84413498061
2168  2460.7298317795244
2176  2465.5006500190675
2184  2470.1571996374482
2192  2474.7000995364083
2200  2479.129977342464
2208  2483.44746917099
2216  2487.6532193931093
2224  2491.747880405453
2232  2495.7321124026175
2240  2499.6065831524434
2248  2503.3719677740296
2256  2507.0289485184294
2264  2510.5782145520748
2272  2514.0204617428853
2280  2517.356392449002
2288  2520.586715310164
2296  2523.712145041729
2304  2526.7334022312334
2312  2529.6512131375725
2320  2532.466309492716
2328  2535.1794283059294
2336  2537.7913116705577
2344  2540.30270657325
2352  2542.714364705682
2360  2545.0270422787225
2368  2547.2414998390454
2376  2549.3585020881087
2384  2551.378817703592
2392  2553.303219163145
2400  2555.1324825705165
2408  2556.867387484023
2416  2558.508716747319
2424  2560.0572563224628
2432  2561.513795125259
2440  2562.8791248628777
2448  2564.1540398736756
2456  2565.3393369692626
2464  2566.43581527878
2472  2567.4442760953207
2480  2568.3655227245567
2488  2569.200360335491
2496  2569.9495958133434
2504  2570.6140376145386
2512  2571.1944956238026
2520  2571.6917810133205
2528  2572.1067061039503
2536  2572.440084228488
2544  2572.6927295969317
2552  2572.8654571637862
2560  2572.9590824973093
2568  2572.974421650769
2576  2572.9122910356177
2584  2572.7735072966443
2592  2572.558887188976
2600  2572.2692474570663
2608  2571.9054047155178
2616  2571.468175331753
2624  2570.9583753105953
2632  2570.37682018065
2640  2569.7243248824984
2648  2569.0017036586996
2656  2568.209769945611
2664  2567.3493362669187
2672  2566.421214128983
2680  2565.4262139178786
2688  2564.365144798168
2696  2563.2388146134085
2704  2562.048029788309
2712  2560.793595232594
2720  2559.476314246507
2728  2558.096988427973
2736  2556.656417581394
2744  2555.1553996280345
2752  2553.594730518037
2760  2551.975204144009
2768  2550.297612256158
2776  2548.5627443790277
2784  2546.7713877297465
2792  2544.92432713778
2800  2543.0223449662494
2808  2541.0662210346945
2816  2539.0567325433494
2824  2536.9946539988828
2832  2534.880757141575
2840  2532.715810873945
2848  2530.500581190823
2856  2528.235831110796
2864  2525.9223206090833
2872  2523.560806551787
2880  2521.1520426315055
2888  2518.6967793043045
2896  2516.19576372805
2904  2513.6497397020516
2912  2511.0594476080346
2920  2508.4256243523946
2928  2505.7490033097856
2936  2503.030314267938
2944  2500.2702833737662
2952  2497.469633080729
2960  2494.629082097417
2968  2491.7493453373772
2976  2488.831133870151
2984  2485.8751548734876
2992  2482.882111586786
3000  2479.852703265691
3008  2476.787625137849
3016  2473.6875683598146
3024  2470.553219975117
3032  2467.3852628734376
3040  2464.184375750888
3048  2460.9512330714233
3056  2457.6865050293236
3064  2454.3908575127634
3072  2451.064952068445
3080  2447.7094458672923
3088  2444.324991671183
3096  2440.912237800726
3104  2437.471828104034
3112  2434.0044019265456
3120  2430.5105940818103
3128  2426.991034823284
3136  2423.446349817087
3144  2419.8771601157396
3152  2416.2840821328487
3160  2412.6677276187183
3168  2409.0287036369427
3176  2405.3676125418624
3184  2401.685051956972
3192  2397.981614754224
3200  2394.2578890341997
3208  2390.5144581071845
3216  2386.751900475115
3224  2382.9707898143593
3232  2379.1716949593715
3240  2375.355179887178
3248  2371.521803702694
3256  2367.672120624839
3264  2363.8066799735047
3272  2359.9260261572754
3280  2356.0306986619707
3288  2352.1212320399472
3296  2348.1981559001865
3304  2344.261994899123
3312  2340.3132687322477
3320  2336.3524921264384
3328  2332.3801748330143
3336  2328.3968216215285
3344  2324.4029322742726
3352  2320.399001581471
3360  2316.385519337186
3368  2312.362970335898
3376  2308.331834369774
3384  2304.2925862265843
3392  2300.2456956883057
3400  2296.191627530346
3408  2292.130841521435
3416  2288.063792424129
3424  2283.990929995954
3432  2279.9126989911506
3440  2275.829539163043
3448  2271.741885266986
3456  2267.6501670639186
3464  2263.554809324502
3472  2259.456231833808
3480  2255.354849396603
3488  2251.2510718431645
3496  2247.1453040356614
3504  2243.03794587508
3512  2238.929392308658
3520  2234.8200333378763
3528  2230.7102540269493
3536  2226.600434511824
3544  2222.490950009694
3552  2218.3821708290006
3560  2214.274462379913
3568  2210.16818518531
3576  2206.0636948922074
3584  2201.9613422836733
3592  2197.8614732911783
3600  2193.7644290074218
3608  2189.6705456995796
3616  2185.580154822993
3624  2181.493583035293
3632  2177.4111522109365
3640  2173.333179456169
3648  2169.259977124377
3656  2165.1918528318606
3664  2161.1291094739863
3672  2157.0720452417318
3680  2153.02095363861
3688  2148.9761234979696
3696  2144.9378390006605
3704  2140.9063796930513
3712  2136.8820205054208
3720  2132.865031770677
3728  2128.855679243428
3736  2124.8542241193823
3744  2120.860923055083
3752  2116.8760281879604
3760  2112.8997871566985
3768  2108.932443121919
3776  2104.9742347871575
3784  2101.0253964201497
3792  2097.086157874402
3800  2093.156744611051
3808  2089.2373777209964
3816  2085.328273947318
3824  2081.4296457079536
3832  2077.541701118646
3840  2073.6646440161326
3848  2069.7986739816115
3856  2065.9439863644216
3864  2062.100772305995
3872  2058.26921876402
3880  2054.4495085368344
3888  2050.641820288069
3896  2046.846328571473
3904  2043.0632038559793
3912  2039.292612550966
3920  2035.5347170317216
3928  2031.7896756651116
3936  2028.0576428354336
3944  2024.3387689704625
3952  2020.633200567677
3960  2016.9410802206637
3968  2013.262546645695
3976  2009.5977347084656
3984  2005.9467754510101
3992  2002.3097961187616
4000  1998.6869201877748
4008  1995.0782673920855
4016  1991.4839537512266
4024  1987.9040915978821
4032  1984.3387896056604
4040  1980.7881528170224
4048  1977.2522826713125
4056  1973.731277032929
4064  1970.2252302195955
4072  1966.7342330307638
4080  1963.2583727760982
4088  1959.7977333040985
4096  1956.3523950307897
4104  1952.9224349685264
4112  1949.5079267548927
4120  1946.1089406816654
4128  1942.7255437238891
4136  1939.357799569011
4144  1936.005768646102
4152  1932.669508155145
4160  1929.3490720963875
4168  1926.044511299767
4176  1922.7558734543848
4184  1919.483203138047
4192  1916.2265418468537
4200  1912.9859280248306
4208  1909.761397093616
4216  1906.5529814821878
4224  1903.3607106566162
4232  1900.1846111498674
4240  1897.0247065916276
4248  1893.8810177381627
4256  1890.7535625021872
4264  1887.642355982774
4272  1884.5474104952614
4280  1881.4687356011932
4288  1878.4063381382534
4296  1875.3602222502157
4304  1872.3303894168967
4312  1869.3168384841108
4320  1866.3195656936266
4328  1863.3385647131036
4336  1860.3738266660412
4344  1857.4253401616975
4352  1854.4930913250118
4360  1851.577063826493
4368  1848.677238912103
4376  1845.7935954330994
4384  1842.9261098758786
4392  1840.074756391762
4400  1837.239506826765
4408  1834.4203307513405
4416  1831.6171954900617
4424  1828.830066151294
4432  1826.0589056567958
4440  1823.3036747713002
4448  1820.5643321320338
4456  1817.8408342781888
4464  1815.1331356803487
4472  1812.4411887698445
4480  1809.764943968077
4488  1807.1043497157566
4496  1804.4593525020912
4504  1801.8298968939132
4512  1799.2159255647307
4520  1796.6173793237178
4528  1794.0341971446253
4536  1791.466316194628
4544  1788.913671863088
4552  1786.3761977902432
4560  1783.8538258958142
4568  1781.3464864075327
4576  1778.8541078895823
4584  1776.3766172709536
4592  1773.9139398737093
4600  1771.4659994411647
4608  1769.032718165971
4616  1766.6140167181045
4624  1764.209814272761
4632  1761.8200285381515
4640  1759.4445757832023
4648  1757.0833708651433
4656  1754.736327257006
4664  1752.403357075005
4672  1750.0843711058174
4680  1747.779278833756
4688  1745.4879884678248
4696  1743.2104069686745
4704  1740.9464400754289
4712  1738.6959923324073
4720  1736.4589671157291
4728  1734.2352666597963
4736  1732.024792083652
4744  1729.8274434172358
4752  1727.6431196274923
4760  1725.4717186443702
4768  1723.3131373866952
4776  1721.1672717879098
4784  1719.0340168216862
4792  1716.9132665274146
4800  1714.8049140355552
4808  1712.7088515928563
4816  1710.6249705874468
4824  1708.5531615737823
4832  1706.493314297465
4840  1704.4453177199211
4848  1702.4090600429417
4856  1700.3844287330812
4864  1698.3713105459192
4872  1696.369591550174
4880  1694.379157151683
4888  1692.3998921172254
4896  1690.431680598215
4904  1688.4744061542333
4912  1686.527951776421
4920  1684.5921999107306
4928  1682.66703248101
4936  1680.752330911951
4944  1678.847976151885
4952  1676.953848695422
4960  1675.0698286059428
4968  1673.1957955379298
4976  1671.3316287591554
4984  1669.4772071727018
4992  1667.6324093388325
5000  1665.797113496712
5008  1663.9711975859489
5016  1662.15453926801
5024  1660.3470159474493
5032  1658.5485047929901
5040  1656.7588827584439
5048  1654.9780266034727
5056  1653.2058129141808
5064  1651.4421181235587
5072  1649.6868185317437
5080  1647.9397903261458
5088  1646.2009096013744
5096  1644.4700523790386
5104  1642.7470946273515
5112  1641.0319122805877
5120  1639.32438125837
5128  1637.624377484785
5136  1635.931776907343
5144  1634.2464555157567
5152  1632.5682893605683
5160  1630.8971545715951
5168  1629.2329273762182
5176  1627.57548411749
5184  1625.9247012720894
5192  1624.280455468091
5200  1622.6426235025747
5208  1621.0110823590696
5216  1619.385709224813
5224  1617.766381507853
5232  1616.1529768539801
5240  1614.5453731634725
5248  1612.9434486076964
5256  1611.3470816455124
5264  1609.7561510395174
5272  1608.1705358721276
5280  1606.5901155614715
5288  1605.0147698771198
5296  1603.444378955648
5304  1601.878823316022
5312  1600.3179838748106
5320  1598.7617419612272
5328  1597.209979332008
5336  1595.662578186102
5344  1594.119421179204
5352  1592.5803914381104
5360  1591.0453725748957
5368  1589.5142487009346
5376  1587.986904440731
5384  1586.463224945593
5392  1584.9430959071283
5400  1583.426403570564
5408  1581.913034747906
5416  1580.4028768309154
5424  1578.8958178039243
5432  1577.3917462564689
5440  1575.8905513957602
5448  1574.3921230589854
5456  1572.896351725428
5464  1571.4031285284298
5472  1569.912345267172
5480  1568.4238944182946
5488  1566.9376691473387
5496  1565.4535633200326
5504  1563.971471513383
5512  1562.4912890266269
5520  1561.0129118919974
5528  1559.53623688532
5536  1558.0611615364476
5544  1556.5875841395307
5552  1555.1154037631006
5560  1553.644520260015
5568  1552.1748342772116
5576  1550.7062472653035
5584  1549.2386614880133
5592  1547.771980031435
5600  1546.306106813133
5608  1544.8409465910731
5616  1543.3764049723986
5624  1541.9123884220242
5632  1540.4488042710846
5640  1538.9855607252077
5648  1537.522566872632
5656  1536.059732692154
5664  1534.5969690609243
5672  1533.1341877620657
5680  1531.6713014921515
5688  1530.2082238685032
5696  1528.7448694363407
5704  1527.2811536757658
5712  1525.8169930085944
5720  1524.352304805022
5728  1522.8870073901328
5736  1521.4210200502555
5744  1519.954263039163
5752  1518.4866575841045
5760  1517.018125891696
5768  1515.5485911536452
5776  1514.077977552328
5784  1512.6062102662102
5792  1511.1332154751078
5800  1509.6589203653095
5808  1508.1832531345294
5816  1506.7061429967237
5824  1505.2275201867465
5832  1503.7473159648587
5840  1502.2654626210874
5848  1500.7818934794336
5856  1499.2965429019373
5864  1497.8093462925867
5872  1496.3202401010897
5880  1494.8291618264877
5888  1493.3360500206368
5896  1491.8408442915306
5904  1490.3434853064914
5912  1488.8439147952085
5920  1487.3420755526354
5928  1485.8379114417492
5936  1484.3313673961632
5944  1482.8223894226026
5952  1481.3109246032411
5960  1479.7969210978868
5968  1478.2803281460494
5976  1476.7610960688535
5984  1475.239176270819
5992  1473.714521241511
6000  1472.1870845570475
6008  1470.6568208814708
6016  1469.123685967998
6024  1467.5876366601199
6032  1466.0486308925829
6040  1464.506627692231
6048  1462.961587178718
6056  1461.4134705650981
6064  1459.8622401582704
6072  1458.3078593593111
6080  1456.7502926636716
6088  1455.1895056612523
6096  1453.6254650363453
6104  1452.0581385674561
6112  1450.4874951270024
6120  1448.913504680887
6128  1447.3361382879486
6136  1445.7553680992912
6144  1444.1711673574925
6152  1442.5835103956942
6160  1440.9923726365694
6168  1439.397730591175
6176  1437.7995618576856
6184  1436.1978451200098
6192  1434.5925601462957
6200  1432.983687787312
6208  1431.371209974726
6216  1429.7551097192622
6224  1428.13537110875
6232  1426.5119793060594
6240  1424.8849205469267
6248  1423.2541821376785
6256  1421.61975245283
6264  1419.981620932592
6272  1418.3397780802625
6280  1416.694215459515
6288  1415.0449256915842
6296  1413.3919024523382
6304  1411.7351404692622
6312  1410.074635518326
6320  1408.4103844207618
6328  1406.74238503973
6336  1405.070636276895
6344  1403.3951380689
6352  1401.71589138374
6360  1400.0328982170422
6368  1398.3461615882507
6376  1396.6556855367144
6384  1394.961475117681
6392  1393.2635363982
6400  1391.561876452929
6408  1389.8565033598566
6416  1388.1474261959283
6424  1386.4346550325845
6432  1384.718200931211
6440  1382.9980759385032
6448  1381.2742930817426
6456  1379.546866363985
6464  1377.8158107591714
6472  1376.0811422071447
6480  1374.342877608597
6488  1372.601034819918
6496  1370.85563264798
6504  1369.1066908448336
6512  1367.3542301023222
6520  1365.5982720466277
6528  1363.838839232726
6536  1362.0759551387832
6544  1360.309644160458
6552  1358.5399316051473
6560  1356.766843686145
6568  1354.990407516733
6576  1353.210651104207
6584  1351.4276033438196
6592  1349.641294012665
6600  1347.851753763489
6608  1346.059014118433
6616  1344.2631074627084
6624  1342.464067038216
6632  1340.6619269370794
6640  1338.8567220951415
6648  1337.0484882853737
6656  1335.2372621112388
6664  1333.4230809999865
6672  1331.605983195888
6680  1329.7860077534126
6688  1327.9631945303518
6696  1326.1375841808742
6704  1324.3092181485345
6712  1322.4781386592206
6720  1320.644388714051
6728  1318.808012082215
6736  1316.9690532937602
6744  1315.1275576323312
6752  1313.2835711278556
6760  1311.4371405491786
6768  1309.588313396652
6776  1307.7371378946743
6784  1305.8836629841778
6792  1304.0279383150798
6800  1302.1700142386812
6808  1300.3099418000224
6816  1298.4477727301964
6824  1296.5835594386192
6832  1294.7173550052562
6840  1292.8492131728142
6848  1290.979188338886
6856  1289.1073355480607
6864  1287.233710483994
6872  1285.3583694614438
6880  1283.4813694182685
6888  1281.602767907387
6896  1279.7226230887077
6904  1277.8409937210256
6912  1275.9579391538796
6920  1274.0735193193893
6928  1272.1877947240478
6936  1270.300826440498
6944  1268.4126760992644
6952  1266.5234058804767
6960  1264.6330785055447
6968  1262.741757228823
6976  1260.8495058292415
6984  1258.9563886019143
6992  1257.0624703497253
7000  1255.1678163748904
7008  1253.2724924704935
7016  1251.3765649120078
7024  1249.4801004487947
7032  1247.5831662955802
7040  1245.6858301239163
7048  1243.7881600536207
7056  1241.8902246442058
7064  1239.9920928862841
7072  1238.0938341929646
7080  1236.1955183912291
7088  1234.2972157133036
7096  1232.3989967880036
7104  1230.5009326320808
7112  1228.603094641553
7120  1226.7055545830192
7128  1224.8083845849758
7136  1222.9116571291117
7144  1221.0154450416073
7152  1219.1198214844196
7160  1217.2248599465624
7168  1215.3306342353799
7176  1213.4372184678195
7184  1211.544687061696
7192  1209.6531147269588
7200  1207.7625764569489
7208  1205.8731475196614
7216  1203.984903449004
7224  1202.097920036055
7232  1200.2122733203255
7240  1198.3280395810202
7248  1196.445295328302
7256  1194.564117294559
7264  1192.6845824256743
7272  1190.8067678723048
7280  1188.9307509811604
7288  1187.0566092862925
7296  1185.1844205003893
7304  1183.3142625060752
7312  1181.4462133472246
7320  1179.580351220281
7328  1177.716754465584
7336  1175.8555015587135
7344  1173.996671101837
7352  1172.1403418150774
7360  1170.2865925278861
7368  1168.4355021704332
7376  1166.5871497650146
7384  1164.7416144174645
7392  1162.8989753085964
7400  1161.0593116856485
7408  1159.222702853757
7416  1157.389228167433
7424  1155.5589670220736
7432  1153.7319988454801
7440  1151.9084030894014
7448  1150.0882592210962
7456  1148.2716467149146
7464  1146.458645043906
7472  1144.649333671445
7480  1142.8437920428798
7488  1141.0420995772092
7496  1139.244335658778
7504  1137.4505796289989
7512  1135.6609107781062
7520  1133.8754083369215
7528  1132.0941514686622
7536  1130.3172192607683
7544  1128.5446907167568
7552  1126.7766447481063
7560  1125.0131601661735
7568  1123.2543156741372
7576  1121.5001898589692
7584  1119.7508611834428
7592  1118.0064079781703
7600  1116.2669084336678
7608  1114.5324405924587
7616  1112.803082341212
7624  1111.0789114029049
7632  1109.3600053290318
7640  1107.6464414918378
7648  1105.9382970765935
7656  1104.2356490739078
7664  1102.5385742720698
7672  1100.8471492494357
7680  1099.161450366845
7688  1097.481553760087
7696  1095.8075353323916
7704  1094.139470746972
7712  1092.4774354195981
7720  1090.8215045112165
7728  1089.171752920606
7736  1087.5282552770784
7744  1085.8910859332213
7752  1084.2603189576785
7760  1082.636028127976
7768  1081.0182869233959
7776  1079.4071685178833
7784  1077.8027457730086
7792  1076.2050912309671
7800  1074.6142771076245
7808  1073.0303752856141
7816  1071.4534573074711
7824  1069.883594368821
7832  1068.3208573116056
7840  1066.7653166173702
7848  1065.2170424005856
7856  1063.6761044020247
7864  1062.1425719821855
7872  1060.616514114766
7880  1059.0979993801827
7888  1057.587095959148
7896  1056.083871626288
7904  1054.5883937438189
7912  1053.1007292552677
7920  1051.6209446792498
7928  1050.149106103298
7936  1048.6852791777374
7944  1047.2295291096211
7952  1045.781920656714
7960  1044.3425181215305
7968  1042.9113853454278
7976  1041.4885857027505
7984  1040.0741820950286
7992  1038.6682369452383
8000  1037.2708121921053
8008  1035.8819692844743
8016  1034.5017691757266
8024  1033.130272318261
8032  1031.7675386580215
8040  1030.4136276290908
8048  1029.0685981483387
8056  1027.7325086101162
8064  1026.4054168810296
8072  1025.0873802947524
8080  1023.778455646901
8088  1022.4786991899746
8096  1021.1881666283464
8104  1019.9069131133192
8112  1018.6349932382334
8120  1017.3724610336441
8128  1016.1193699625463
8136  1014.8757729156724
8144  1013.6417222068375
8152  1012.417269568356
8160  1011.2024661465108
8168  1009.9973624970888
8176  1008.8020085809733
8184  1007.616453759802
8192  1006.440746791682
8200  1005.2749358269705
8208  1004.1190684041139
8216  1002.9731914455526
8224  1001.8373512536856
8232  1000.7115935068987
8240  999.5959632556545
8248  998.4905049186464
8256  997.3952622790139
8264  996.3102784806266
8272  995.2355960244201
8280  994.1712567648102
8288  993.1173019061588
8296  992.073771999309
8304  991.0407069381836
8312  990.0181459564492
8320  989.0061276242386
8328  988.0046898449483
8336  987.0138698520856
8344  986.0337042061971
8352  985.064228791849
8360  984.105478814677
8368  983.1574887985042
8376  982.2202925825169
8384  981.2939233185118
8392  980.3784134682064
8400  979.4737948006148
8408  978.5800983894864
8416  977.6973546108155
8424  976.8255931404113
8432  975.9648429515355
8440  975.1151323126081
8448  974.2764887849721
8456  973.4489392207333
8464  972.6325097606566
8472  971.827225832136
8480  971.0331121472253
8488  970.2501927007356
8496  969.4784907684019
8504  968.7180289051133
8512  967.9688289432066
8520  967.2309119908329
8528  966.5042984303805
8536  965.7890079169762
8544  965.0850593770396
8552  964.3924710069138
8560  963.7112602715541
8568  963.0414439032911
8576  962.3830379006499
8584  961.7360575272468
8592  961.100517310739
8600  960.4764310418501
8608  959.8638117734604
8616  959.262671819756
8624  958.6730227554516
8632  958.0948754150747
8640  957.5282398923167
8648  956.9731255394494
8656  956.4295409668068
8664  955.897494042334
8672  955.3769918911987
8680  954.8680408954676
8688  954.3706466938552
8696  953.8848141815249
8704  953.4105475099698
8712  952.9478500869449
8720  952.4967245764749
8728  952.0571728989202
8736  951.6291962311088
8744  951.212795006535
8752  950.8079689156187
8760  950.4147169060336
8768  950.0330371830954
8776  949.6629272102164
8784  949.3043837094217
8792  948.9574026619316
8800  948.6219793088078
8808  948.2981081516587
8816  947.9857829534142
8824  947.6849967391571
8832  947.3957417970249
8840  947.1180096791652
8848  946.8517912027637
8856  946.597076451127
8864  946.3538547748299
8872  946.1221147929272
8880  945.9018443942244
8888  945.6930307386097
8896  945.4956602584523
8904  945.3097186600553
8912  945.1351909251752
8920  944.9720613125993
8928  944.8203133597847
8936  944.6799298845577
8944  944.5508929868749
8952  944.43318405064
8960  944.326783745585
8968  944.2316720292107
8976  944.1478281487844
8984  944.0752306433941
8992  944.0138573460706
9000  943.9636853859595
9008  943.9246911905535
9016  943.8968504879878
9024  943.880138309385
9032  943.8745289912671
9040  943.879996178017
9048  943.8965128244005
9056  943.9240511981434
9064  943.9625828825701
9072  944.0120787792919
9080  944.0725091109548
9088  944.1438434240417
9096  944.2260505917333
9104  944.3190988168191
9112  944.4229556346656
9120  944.5375879162405
9128  944.66296187119
9136  944.7990430509691
9144  944.9457963520234
9152  945.1031860190337
9160  945.2711756481998
9168  945.4497281905882
9176  945.6388059555281
9184  945.8383706140567
9192  946.048383202422
9200  946.2688041256306
9208  946.4995931610542
9216  946.7407094620781
9224  946.9921115618062
9232  947.2537573768145
9240  947.5256042109534
9248  947.8076087592002
9256  948.09972711156
9264  948.401914757016
9272  948.714126587527
9280  949.0363169020732
9288  949.3684394107512
9296  949.710447238912
9304  950.0622929313504
9312  950.4239284565407
9320  950.79530521091
9328  951.1763740231728
9336  951.5670851586938
9344  951.9673883239093
9352  952.3772326707843
9360  952.7965668013192
9368  953.2253387720963
9376  953.6634960988724
9384  954.1109857612121
9392  954.5677542071659
9400  955.0337473579907
9408  955.5089106129069
9416  955.9931888539039
9424  956.486526450584
9432  956.9888672650427
9440  957.5001546567935
9448  958.0203314877357
9456  958.5493401271515
9464  959.0871224567491
9472  959.6336198757456
9480  960.1887733059831
9488  960.752523197082
9496  961.3248095316378
9504  961.9055718304472
9512  962.4947491577776
9520  963.0922801266645
9528  963.6981029042508
9536  964.3121552171592
9544  964.9343743568936
9552  965.5646971852888
9560  966.203060139976
9568  966.8493992398937
9576  967.5036500908269
9584  968.1657478909806
9592  968.8356274365818
9600  969.5132231275152
9608  970.1984689729912
9616  970.89129859724
9624  971.5916452452402
9632  972.2994417884742
9640  973.0146207307124
9648  973.7371142138285
9656  974.4668540236406
9664  975.2037715957789
9672  975.9477980215866
9680  976.6988640540367
9688  977.4569001136887
9696  978.2218362946576
9704  978.9936023706183
9712  979.7721278008265
9720  980.5573417361753
9728  981.3491730252606
9736  982.1475502204805
9744  982.9524015841582
9752  983.7636550946769
9760  984.5812384526497
9768  985.4050790871011
9776  986.235104161672
9784  987.0712405808491
9792  987.9134149962086
9800  988.761553812681
9808  989.6155831948373
9816  990.4754290731898
9824  991.3410171505157
9832  992.2122729081908
9840  993.0891216125468
9848  993.9714883212434
9856  994.8592978896521
9864  995.7524749772628
9872  996.6509440540987
9880  997.554629407148
9888  998.4634551468102
9896  999.3773452133547
9904  1000.2962233833938
9912  1001.2200132763639
9920  1002.1486383610267
9928  1003.0820219619709
9936  1004.0200872661331
9944  1004.9627573293275
9952  1005.9099550827806
9960  1006.8616033396818
9968  1007.8176248017402
9976  1008.7779420657457
9984  1009.742477630144
9992  1010.7111539016149
10000  1011.6838932016598
10008  1012.6606177731944
10016  1013.6412497871434
10024  1014.6257113490491
10032  1015.6139245056729
10040  1016.6058112516145
10048  1017.6012935359228
10056  1018.6002932687151
10064  1019.6027323278005
10072  1020.6085325653014
10080  1021.6176158142802
10088  1022.6299038953628
10096  1023.6453186233684
10104  1024.6637818139343
10112  1025.6852152901397
10120  1026.7095408891353
10128  1027.7366804687626
10136  1028.7665559141783
10144  1029.7990891444708
10152  1030.8342021192773
10160  1031.8718168453947
10168  1032.9118553833882
10176  1033.9542398541928
10184  1034.9988924457148
10192  1036.0457354194207
10200  1037.0946911169253
10208  1038.1456819665696
10216  1039.198630489995
10224  1040.253459308705
10232  1041.3100911506224
10240  1042.3684488566398
10248  1043.4284553871526
10256  1044.4900338285884
10264  1045.5531073999277
10272  1046.6175994592097
10280  1047.683433510025
10288  1048.7505332080043
10296  1049.818822367286
10304  1050.8882249669773
10312  1051.9586651575978
10320  1053.0300672675125
10328  1054.1023558093461
10336  1055.1754554863896
10344  1056.2492911989802
10352  1057.3237880508786
10360  1058.3988713556207
10368  1059.4744666428533
10376  1060.5504996646555
10384  1061.6268964018425
10392  1062.7035830702466
10400  1063.7804861269822
10408  1064.857532276693
10416  1065.9346484777764
10424  1067.0117619485852
10432  1068.0888001736178
10440  1069.1656909096764
10448  1070.2423621920088
10456  1071.3187423404265
10464  1072.3947599654027
10472  1073.4703439741397
10480  1074.5454235766226
10488  1075.619928291638
10496  1076.693787952779
10504  1077.766932714413
10512  1078.8392930576335
10520  1079.9107997961837
10528  1080.9813840823451
10536  1082.050977412811
10544  1083.1195116345286
10552  1084.1869189505016
10560  1085.253131925585
10568  1086.318083492231
10576  1087.3817069562183
10584  1088.4439360023462
10592  1089.5047047000971
10600  1090.563947509271
10608  1091.6215992855882
10616  1092.677595286258
10624  1093.7318711755174
10632  1094.7843630301352
10640  1095.835007344882
10648  1096.8837410379736
10656  1097.9305014564695
10664  1098.9752263816426
10672  1100.0178540343159
10680  1101.0583230801603
10688  1102.096572634957
10696  1103.1325422698221
10704  1104.1661720163993
10712  1105.1974023720109
10720  1106.2261743047718
10728  1107.2524292586666
10736  1108.2761091585887
10744  1109.2971564153368
10752  1110.3155139305777
10760  1111.3311251017633
10768  1112.3439338270139
10776  1113.353884509951
10784  1114.360922064503
10792  1115.364991919656
10800  1116.366040024171
10808  1117.3640128512548
10816  1118.3588574031912
10824  1119.3505212159257
10832  1120.3389523636122
10840  1121.324099463106
10848  1122.3059116784252
10856  1123.284338725156
10864  1124.2593308748208
10872  1125.2308389591972
10880  1126.198814374591
10888  1127.1632090860653
10896  1128.1239756316186
10904  1129.0810671263237
10912  1130.0344372664097
10920  1130.9840403333042
10928  1131.9298311976215
10936  1132.87176532311
10944  1133.8097987705366
10952  1134.7438882015445
10960  1135.6739908824352
10968  1136.600064687921
10976  1137.5220681048186
10984  1138.4399602356925
10992  1139.3537008024505
11000  1140.2632501498804
11008  1141.1685692491492
11016  1142.0696197012335
11024  1142.9663637403107
11032  1143.8587642370926
11040  1144.7467847021037
11048  1145.6303892889105
11056  1146.5095427972965
11064  1147.3842106763802
11072  1148.2543590276844
11080  1149.1199546081436
11088  1149.9809648330659
11096  1150.8373577790303
11104  1151.6891021867339
11112  1152.5361674637861
11120  1153.378523687439
11128  1154.216141607267
11136  1155.048992647791
11144  1155.8770489110411
11152  1156.7002831790642
11160  1157.5186689163775
11168  1158.3321802723574
11176  1159.1407920835788
11184  1159.9444798760887
11192  1160.743219867627
11200  1161.536988969784
11208  1162.3257647901034
11216  1163.1095256341207
11224  1163.8882505073514
11232  1164.6619191172065
11240  1165.4305118748603
11248  1166.1940098970495
11256  1166.9523950078171
11264  1167.7056497401948
11272  1168.4537573378204
11280  1169.1967017565003
11288  1169.9344676657074
11296  1170.6670404500167
11304  1171.3944062104822
11312  1172.1165517659495
11320  1172.8334646543044
11328  1173.5451331336706
11336  1174.2515461835237
11344  1174.952693505767
11352  1175.648565525723
11360  1176.3391533930792
11368  1177.024448982758
11376  1177.7044448957306
11384  1178.3791344597648
11392  1179.0485117301066
11400  1179.7125714901085
11408  1180.3713092517758
11416  1181.0247212562645
11424  1181.672804474313
11432  1182.315556606598
11440  1182.9529760840394
11448  1183.585062068031
11456  1184.211814450615
11464  1184.833233854584
11472  1185.4493216335172
11480  1186.0600798717621
11488  1186.6655113843365
11496  1187.2656197167794
11504  1187.8604091449229
11512  1188.4498846746096
11520  1189.0340520413367
11528  1189.6129177098385
11536  1190.1864888736027
11544  1190.7547734543182
11552  1191.317780101259
11560  1191.8755181906017
11568  1192.4279978246789
11576  1192.9752298311591
11584  1193.5172257621712
11592  1194.0539978933527
11600  1194.5855592228377
11608  1195.111923470177
11616  1195.6331050751892
11624  1196.149119196748
11632  1196.659981711505
11640  1197.1657092125395
11648  1197.6663190079482
11656  1198.1618291193638
11664  1198.6522582804105
11672  1199.13762593509
11680  1199.6179522361042
11688  1200.0932580431045
11696  1200.563564920886
11704  1201.0288951375016
11712  1201.4892716623215
11720  1201.94471816402
11728  1202.3952590084928
11736  1202.8409192567171
11744  1203.2817246625361
11752  1203.717701670382
11760  1204.1488774129346
11768  1204.575279708703
11776  1204.9969370595572
11784  1205.4138786481797
11792  1205.8261343354563
11800  1206.2337346578029
11808  1206.6367108244233
11816  1207.035094714498
11824  1207.428918874318
11832  1207.8182165143392
11840  1208.2030215061864
11848  1208.58336837957
11856  1208.959292319163
11864  1209.3308291613935
11872  1209.698015391181
11880  1210.060888138604
11888  1210.4194851755028
11896  1210.7738449120232
11904  1211.1240063930832
11912  1211.4700092947908
11920  1211.8118939207814
11928  1212.149701198506
11936  1212.4834726754425
11944  1212.8132505152519
11952  1213.1390774938634
11960  1213.4609969955056
11968  1213.7790530086643
11976  1214.0932901219796
11984  1214.4037535200878
11992  1214.710488979385
12000  1215.0135428637473
12008  1215.3129621201679
12016  1215.6087942743497
12024  1215.9010874262246
12032  1216.1898902454168
12040  1216.4752519666374
12048  1216.7572223850273
12056  1217.035851851433
12064  1217.3111912676184
12072  1217.5832920814255
12080  1217.8522062818624
12088  1218.1179863941434
12096  1218.380685474658
12104  1218.64035710589
12112  1218.8970553912677
12120  1219.150834949962
12128  1219.4017509116231
12136  1219.6498589110583
12144  1219.8952150828507
12152  1220.1378760559228
12160  1220.377898948036
12168  1220.6153413602428
12176  1220.850261371271
12184  1221.0827175318582
12192  1221.3127688590268
12200  1221.5404748303042
12208  1221.7658953778828
12216  1221.9890908827347
12224  1222.210122168655
12232  1222.429050496269
12240  1222.6459375569698
12248  1222.8608454668051
12256  1223.0738367603208
12264  1223.2849743843328
12272  1223.4943216916618
12280  1223.7019424348061
12288  1223.9079007595665
12296  1224.1122611986164
12304  1224.3150886650217
12312  1224.516448445708
12320  1224.7164061948824
12328  1224.9150279273945
12336  1225.1123800120577
12344  1225.3085291649174
12352  1225.5035424424645
12360  1225.6974872348096
12368  1225.8904312588018
12376  1226.0824425511034
12384  1226.273589461214
12392  1226.4639406444512
12400  1226.6535650548794
12408  1226.8425319381997
12416  1227.0309108245883
12424  1227.218771521491
12432  1227.4061841063733
12440  1227.593218919429
12448  1227.779946556239
12456  1227.9664378603925
12464  1228.152763916062
12472  1228.338996040537
12480  1228.525205776715
12488  1228.711464885555
12496  1228.8978453384811
12504  1229.084419309758
12512  1229.271259168818
12520  1229.4584374725493
12528  1229.6460269575484
12536  1229.8341005323337
12544  1230.0227312695235
12552  1230.2119923979653
12560  1230.401957294846
12568  1230.5926994777556
12576  1230.7842925967125
12584  1230.9768104261627
12592  1231.1703268569395
12600  1231.3649158881876
12608  1231.5606516192606
12616  1231.757608241577
12624  1231.95586003045
12632  1232.1554813368878
12640  1232.3565465793563
12648  1232.5591302355128
12656  1232.7633068339164
12664  1232.9691509457018
12672  1233.1767371762294
12680  1233.3861401567028
12688  1233.597434535763
12696  1233.810694971057
12704  1234.0259961207753
12712  1234.2434126351668
12720  1234.463019148029
12728  1234.684890268174
12736  1234.909100570873
12744  1235.1357245892727
12752  1235.364836805793
12760  1235.5965116435036
12768  1235.830823457481
12776  1236.0678465261362
12784  1236.3076550425412
12792  1236.5503231057126
12800  1236.7959247118988
12808  1237.0445337458389
12816  1237.2962239720007
12824  1237.551069025817
12832  1237.8091424048914
12840  1238.0705174602003
12848  1238.335267387271
12856  1238.6034652173603
12864  1238.8751838085993
12872  1239.1504958371545
12880  1239.4294737883506
12888  1239.7121899478009
12896  1239.998716392517
12904  1240.289124982022
12912  1240.5834873494373
12920  1240.8818748925798
12928  1241.1843587650444
12936  1241.4910098672794
12944  1241.801898837658
12952  1242.1170960435466
12960  1242.4366715723695
12968  1242.7606952226656
12976  1243.0892364951524
12984  1243.4223645837778
12992  1243.760148366781
13000  1244.1026563977473
13008  1244.4499568966633
13016  1244.8021177409792
13024  1245.159206456669
13032  1245.521290209297
13040  1245.8884357950856
13048  1246.2607096319884
13056  1246.638177750773
13064  1247.0209057861011
13072  1247.4089589676294
13080  1247.8024021111073
13088  1248.2012996094847
13096  1248.6057154240402
13104  1249.0157130755033
13112  1249.4313556352015
13120  1249.852705716213
13128  1250.2798254645356
13136  1250.7127765502687
13144  1251.151620158806
13152  1251.5964169820527
13160  1252.0472272096456
13168  1252.5041105202085
13176  1252.967126072609
13184  1253.436332497243
13192  1253.911787887339
13200  1254.393549790277
13208  1254.8816751989373
13216  1255.3762205430667
13224  1255.8772416806682
13232  1256.3847938894162
13240  1256.898931858094
13248  1257.4197096780647
13256  1257.947180834757
13264  1258.4813981991917
13272  1259.0224140195232
13280  1259.5702799126266
13288  1260.1250468556975
13296  1260.686765177896
13304  1261.2554845520187
13312  1261.8312539862009
13320  1262.414121815658
13328  1263.0041356944575
13336  1263.601342587329
13344  1264.2057887615088
13352  1264.8175197786238
13360  1265.4365804866143
13368  1266.063015011694
13376  1266.6968667503506
13384  1267.3381783613893
13392  1267.9869917580188
13400  1268.643348099975
13408  1269.307287785696
13416  1269.9788504445376
13424  1270.6580749290329
13432  1271.3449993072043
13440  1272.039660854919
13448  1272.74209604829
13456  1273.4523405561374
13464  1274.1704292324875
13472  1274.8963961091292
13480  1275.6302743882254
13488  1276.3720964349707
13496  1277.1218937703097
13504  1277.879697063706
13512  1278.6455361259684
13520  1279.419439902135
13528  1280.2014364644156
13536  1280.9915530051892
13544  1281.7898158300652
13552  1282.5962503510032
13560  1283.4108810794974
13568  1284.2337316198177
13576  1285.0648246623189
13584  1285.9041819768156
13592  1286.7518244060184
13600  1287.6077718590354
13608  1288.4720433049483
13616  1289.3446567664514
13624  1290.225629313558
13632  1291.1149770573793
13640  1292.0127151439783
13648  1292.9188577482896
13656  1293.8334180681127
13664  1294.7564083181842
13672  1295.6878397243177
13680  1296.6277225176277
13688  1297.576065928823
13696  1298.5328781825815
13704  1299.4981664920015
13712  1300.4719370531366
13720  1301.4541950396047
13728  1302.4449445972848
13736  1303.444188839094
13744  1304.4519298398432
13752  1305.4681686311858
13760  1306.4929051966444
13768  1307.5261384667283
13776  1308.5678663141316
13784  1309.618085549029
13792  1310.6767919144538
13800  1311.7439800817665
13808  1312.819643646213
13816  1313.903775122583
13824  1314.9963659409466
13832  1316.097406442502
13840  1317.2068858754972
13848  1318.3247923912725
13856  1319.4511130403728
13864  1320.5858337687753
13872  1321.728939414212
13880  1322.8804137025852
13888  1324.040239244491
13896  1325.208397531838
13904  1326.3848689345725
13912  1327.5696326975003
13920  1328.7626669372196
13928  1329.963948639156
13936  1331.1734536546983
13944  1332.3911566984495
13952  1333.617031345577
13960  1334.8510500292775
13968  1336.0931840383455
13976  1337.343403514855
13984  1338.6016774519564
13992  1339.8679736917748
14000  1341.1422589234294
14008  1342.4244986811655
14016  1343.7146573425978
14024  1345.0126981270716
14032  1346.318583094141
14040  1347.6322731421615
14048  1348.9537280070022
14056  1350.2829062608757
14064  1351.6197653112936
14072  1352.9642614001318
14080  1354.3163496028267
14088  1355.6759838276919
14096  1357.0431168153507
14104  1358.4177001383046
14112  1359.7996842006178
14120  1361.1890182377294
14128  1362.5856503163932
14136  1363.9895273347465
14144  1365.400595022503
14152  1366.8187979412735
14160  1368.2440794850265
14168  1369.6763818806673
14176  1371.1156461887554
14184  1372.561812304351
14192  1374.0148189579968
14200  1375.4746037168331
14208  1376.9411029858452
14216  1378.4142520092496
14224  1379.893984872014
14232  1381.3802345015135
14240  1382.872932669327
14248  1384.372009993171
14256  1385.8773959389725
14264  1387.3890188230791
14272  1388.906805814613
14280  1390.430682937971
14288  1391.9605750754513
14296  1393.4964059700415
14304  1395.0380982283398
14312  1396.585573323616
14320  1398.1387515990348
14328  1399.6975522710027
14336  1401.2618934326815
14344  1402.8316920576328
14352  1404.4068640036219
14360  1405.9873240165607
14368  1407.5729857346091
14376  1409.1637616924152
14384  1410.759563325519
14392  1412.3603009748938
14400  1413.9658838916491
14408  1415.5762202418794
14416  1417.191217111671
14424  1418.810780512257
14432  1420.4348153853325
14440  1422.0632256085164
14448  1423.695914000981
14456  1425.3327823292211
14464  1426.9737313129938
14472  1428.618660631406
14480  1430.26746892917
14488  1431.9200538229986
14496  1433.576311908184
14504  1435.2361387653132
14512  1436.8994289671537
14520  1438.5660760857036
14528  1440.2359726993902
14536  1441.9090104004392
14544  1443.5850798024062
14552  1445.2640705478627
14560  1446.9458713162503
14568  1448.6303698318982
14576  1450.3174528722013
14584  1452.0070062759664
14592  1453.6989149519184
14600  1455.393062887374
14608  1457.0893331570812
14616  1458.889038085938
14624  1460.4877684895775
14632  1462.1896952208776
14640  1463.8932676422926
14648  1465.598364404105
14656  1467.3048633005546
14664  1469.0126412798363
14672  1470.7215744542748
14680  1472.4315381106746
14688  1474.1424067208195
14696  1475.854053952165
14704  1477.5663526786784
14712  1479.27917499186
14720  1480.9923922119358
14728  1482.7058748992165
14736  1484.4194928656195
14744  1486.1331151863785
14752  1487.846610211906
14760  1489.5598455798436
14768  1491.2726882272652
14776  1492.9850044030727
14784  1494.6966596805378
14792  1496.4075189700434
14800  1498.1174465319714
14808  1499.8263059897815
14816  1501.5339603432483
14824  1503.240271981881
14832  1504.9451026985084
14840  1506.6483137030364
14848  1508.3497656363832
14856  1510.0493185845828
14864  1511.7468320930545
14872  1513.4421651810635
14880  1515.1351763563314
14888  1516.8257236298357
14896  1518.5136645307718
14904  1520.1988561216908
14912  1521.881155013813
14920  1523.5604173825059
14928  1525.2364989829398
14936  1526.9092551659146
14944  1528.5785408938552
14952  1530.244210756987
14960  1531.9061189896647
14968  1533.5641194868977
14976  1535.2180658210248
14984  1536.8678112585715
14992  1538.513208777274
15000  1540.1541110832777
15008  1541.7903706284947
15016  1543.4218396281494
15024  1545.0483700784762
15032  1546.6698137745993
15040  1548.2860223285716
15048  1549.8968471875903
15056  1551.5021396523766
15064  1553.1017508957245
15072  1554.695531981219
15080  1556.2833338821138
15088  1557.8650075003895
15096  1559.440403685964
15104  1561.0093732560788
15112  1562.5717670148438
15120  1564.1274357729567
15128  1565.6762303675703
15136  1567.218001682343
15144  1568.752600667636
15152  1570.2798783608882
15160  1571.7996859071377
15168  1573.311874579721
15176  1574.8162958011126
15184  1576.312801163956
15192  1577.8012424522144
15200  1579.2814716625182
15208  1580.7533410256447
15216  1582.2167030281676
15224  1583.6714104342584
15232  1585.117316307653
15240  1586.5542740337514
15248  1587.982137341903
15256  1589.400760327815
15264  1590.809997476137
15272  1592.2097036831829
15280  1593.5997342798107
15288  1594.97994505445
15296  1596.3501922762753
15304  1597.7103327185382
15312  1599.0602236820323
15320  1600.3997230187144
15328  1601.7286891554677
15336  1603.046981118012
15344  1604.3544585549473
15352  1605.6509817619517
15360  1606.936411706114
15368  1608.210610050399
15376  1609.4734391782702
15384  1610.7247622184311
15392  1611.9644430697083
15400  1613.1923464260726
15408  1614.408337801797
15416  1615.612283556731
15424  1616.8040509217249
15432  1617.9835080241728
15440  1619.1505239136864
15448  1620.3049685878962
15456  1621.4467130183752
15464  1622.575629176694
15472  1623.691590060589
15480  1624.7944697202593
15488  1625.8841432847787
15496  1626.960486988627
15504  1628.023378198343
15512  1629.0726954392755
15520  1630.1083184224733
15528  1631.130128071667
15536  1632.1380065503636
15544  1633.1318372890587
15552  1634.1115050125456
15560  1635.0768957673347
15568  1636.0278969491715
15576  1636.964397330658
15584  1637.8862870889786
15592  1638.7934578337142
15600  1639.6858026347597
15608  1640.5632160503262
15616  1641.4255941550443
15624  1642.2728345681599
15632  1643.1048364817987
15640  1643.9215006893362
15648  1644.7227296138465
15656  1645.5084273366247
15664  1646.278499625799
15672  1647.0328539650134
15680  1647.771399582187
15688  1648.4940474783525
15696  1649.2007104565496
15704  1649.8913031508073
15712  1650.5657420551718
15720  1651.223945552822
15728  1651.8658339452165
15736  1652.491329481328
15744  1653.1003563869128
15752  1653.692840893854
15760  1654.2687112695328
15768  1654.8278978462731
15776  1655.3703330508135
15784  1655.8959514338328
15792  1656.4046896995198
15800  1656.896486735166
15808  1657.3712836408156
15816  1657.829023758931
15824  1658.2696527040996
15832  1658.6931183927593
15840  1659.099371072959
15848  1659.4883633541308
15856  1659.8600502368927
15864  1660.2143891428511
15872  1660.551339944433
15880  1660.87086499472
15888  1661.1729291572901
15896  1661.4574998360636
15904  1661.7245470051491
15912  1661.9740432386918
15920  1662.205963740712
15928  1662.4202863749306
15936  1662.6169916945976
15944  1662.7960629722877
15952  1662.957486229687
15960  1663.1012502673616
15968  1663.2273466944846
15976  1663.3357699585597
15984  1663.4265173750848
15992  1663.499589157198
16000  1663.5549884452853
16008  1663.5927213365271
16016  1663.6127969144227
16024  1663.6152272782451
16032  1663.6000275724514
16040  1663.5672160160334
16048  1663.5168139318055
16056  1663.448845775632
16064  1663.363339165577
16072  1663.260324910988
16080  1663.1398370415006
16088  1663.0019128359643
16096  1662.8465928512758
16104  1662.6739209511297
16112  1662.4839443346798
16120  1662.2767135650906
16128  1662.052282597999
16136  1661.8107088098625
16144  1661.552053026203
16152  1661.2763795497326
16160  1660.9837561883596
16168  1660.6742542830773
16176  1660.347948735714
16184  1660.0049180365654
16192  1659.6452442918785
16200  1659.269013251198
16208  1658.8763143345693
16216  1658.4672406595855
16224  1658.041889068286
16232  1657.600360153889
16240  1657.1427582873616
16248  1656.6691916438197
16256  1656.1797722287547
16264  1655.674615904076
16272  1655.153842413979
16280  1654.6175754106075
16288  1654.0659424795385
16296  1653.4990751650553
16304  1652.9171089952185
16312  1652.3201835067346
16320  1651.70844226959
16328  1651.0820329114895
16336  1650.4411071420468
16344  1649.7858207767565
16352  1649.1163337607204
16360  1648.4328101921408
16368  1647.7354183455543
16376  1647.0243306948232
16384  1646.2997239358565
16392  1645.5617790090773
16400  1644.8106811216066
16408  1644.0466197691824
16416  1643.2697887577879
16424  1642.4803862249928
16432  1641.6786146610066
16440  1640.8646809294203
16448  1640.0387962876507
16456  1639.2011764070674
16464  1638.3520413928038
16472  1637.491615803241
16480  1636.620128669159
16488  1635.7378135125548
16496  1634.8449083651121
16504  1633.9416557863249
16512  1633.0283028812562
16520  1632.1051013179454
16528  1631.1723073444316
16536  1630.2301818054136
16544  1629.2789901585165
16552  1628.3190024901683
16560  1627.3504935310941
16568  1626.3737426713838
16576  1625.3890339751617
16584  1624.396656194845
16592  1623.3969027849612
16600  1622.390071915543
16608  1621.376466485088
16616  1620.35639413306
16624  1619.3301672519488
16632  1618.2981029988619
16640  1617.260523306649
16648  1616.2177548945551
16656  1615.170129278384
16664  1614.1179827801768
16672  1613.061656537386
16680  1612.0014965115513
16688  1610.937853496454
16696  1609.8710831257563
16704  1608.801545880102
16712  1607.7296070936957
16720  1606.6556369603163
16728  1605.5800105387982
16736  1604.5031077579292
16744  1603.4253134208043
16752  1602.3470172085733
16760  1601.2686136836273
16768  1600.190502292175
16776  1599.1130873662241
16784  1598.0367781249458
16792  1596.9619886754251
16800  1595.8891380127777
16808  1594.8186500196364
16816  1593.7509534649826
16824  1592.686482002327
16832  1591.6256741672355
16840  1590.568973374168
16848  1589.5168279126426
16856  1588.4696909427175
16864  1587.428020489756
16872  1586.3922794385012
16880  1585.3629355264193
16888  1584.3404613363189
16896  1583.325334288239
16904  1582.3180366305903
16912  1581.3190554305281
16920  1580.3288825635789
16928  1579.3480147024784
16936  1578.3769533052325
16944  1577.4162046023816
16952  1576.4662795834545
16960  1575.527693982629
16968  1574.600968263532
16976  1573.6866276032442
16984  1572.7852018754404
16992  1571.8972256326751
17000  1571.0232380878058
17008  1570.163783094543
17016  1569.3194091271243
17024  1568.4906692590644
17032  1567.678121141031
17040  1566.8823269777763
17048  1566.1038535041694
17056  1565.3432719602545
17064  1564.6011580653956
17072  1563.878091991436
17080  1563.174658334892
17088  1562.4914460881757
17096  1561.8290486098092
17104  1561.1880635936325
17112  1560.5690930370206
17120  1559.97274320804
17128  1559.3996246115805
17136  1558.850351954452
17144  1558.3255441093888
17152  1557.8258240780012
17160  1557.3518189526364
17168  1556.9041598771428
17176  1556.4834820065219
17184  1556.090424465462
17192  1555.7256303057338
17200  1555.389746462443
17208  1555.0834237091426
17216  1554.8073166117335
17224  1554.5620834812257
17232  1554.348386325281
17240  1554.1668907985568
17248  1554.0182661518159
17256  1553.9031851798381
17264  1553.8223241680387
17272  1553.7763628378693
17280  1553.7659842909184
17288  1553.7918749517487
17296  1553.8547245094253
17304  1553.9552258577482
17312  1554.0940750341167
17320  1554.2719711571197
17328  1554.4896163627354
17336  1554.7477157391704
17344  1555.0469772603262
17352  1555.3881117178787
17360  1555.7718326519384
17368  1556.19885628031
17376  1556.6699014263002
17384  1557.1856894450937
17392  1557.746944148658
17400  1558.3543917291636
17408  1559.008760680945
17416  1559.7107817209314
17424  1560.4611877075495
17432  1561.260713558134
17440  1562.1100961647492
17448  1563.0100743084554
17456  1563.9613885720244
17464  1564.9647812510316
17472  1566.0209962633523
17480  1567.1307790570288
17488  1568.2948765165283
17496  1569.5140368672894
17504  1570.789009578674
17512  1572.1205452651589
17520  1573.5093955858874
17528  1574.956313142482
17536  1576.4620513751245
17544  1578.0273644568786
17552  1579.6530071862862
17560  1581.3397348781377
17568  1583.08830325249
17576  1584.8994683218455
17584  1586.7739862765025
17592  1588.7126133680845
17600  1590.7161057911917
17608  1592.7852195631724
17616  1594.9207104020134
17624  1597.1233336023092
17632  1599.3938439093106
17640  1601.7329953910225
17648  1604.141541308342
17656  1606.6202339832225
17664  1609.1698246648307
17672  1611.7910633937054
17680  1614.4846988638728
17688  1617.2514782829096
17696  1620.0921472299651
17704  1623.0074495116585
17712  1625.9981270159153
17720  1629.064919563646
17728  1632.2085647583299
17736  1635.4297978333977
17744  1638.7293514974651
17752  1642.1079557773724
17760  1645.566337858999
17768  1649.1052219258702
17776  1652.7253289954856
17784  1656.4273767534064
17792  1660.2120793850438
17800  1664.0801474051325
17808  1668.032287484905
17816  1672.069202276895
17824  1676.1915902373917
17832  1680.4001454465106
17840  1684.6955574258545
17848  1689.078510953759
17856  1693.5496858780937
17864  1698.1097569266026
17872  1702.7593935147588
17880  1707.4992595511192
17888  1712.3300132401632
17896  1717.2523068825774
17904  1722.26678667298
17912  1727.374092495075
17920  1732.5748577141862
17928  1737.8697089671648
17936  1743.2592659496693
17944  1748.7441412007593
17952  1754.3249398848063
17960  1760.0022595707105
17968  1765.7766900083586
17976  1771.6488129023576
17984  1777.6192016829702
17992  1783.68842127428
18000  1789.8570278595137
18008  1796.1255686435475
18016  1802.4945816125323
18024  1808.9645952906576
18032  1815.5361284939788
18040  1822.2096900813544
18048  1828.9857787023998
18056  1835.8648825424864
18064  1842.8474790647451
18072  1849.9340347490331
18080  1857.125004827882
18088  1864.4208330193708
18096  1871.8219512569044
18104  1879.3287794158969
18112  1886.9417250373033
18120  1894.6611830479978
18128  1902.4875354779824
18136  1910.4211511743724
18144  1918.4623855121604
18152  1926.6115801017231
18160  1934.869062493052
18168  1943.2351458766907
18176  1951.710128781321
18184  1960.2942947680208
18192  1968.9879121211372
18200  1977.7912335357557
18208  1986.7044958017511
18216  1995.7279194843748
18224  2004.861708601383
18232  2014.1060502966448
18240  2023.4611145102363
18248  2032.9270536449794
18256  2042.5040022293979
18264  2052.192076577071
18272  2061.9913744423616
18280  2071.9019746724794
18288  2081.9239368558674
18296  2092.0573009668806
18304  2102.3020870067253
18312  2112.658294640635
18320  2123.125902831262
18328  2133.70486946825
18336  2144.39513099397
18344  2155.1966020253703
18352  2166.109174971954
18360  2177.132719649802
18368  2188.267082891674
18376  2199.5120881531006
18384  2210.8675351144966
18392  2222.3331992792064
18400  2233.9088315675212
18408  2245.594157906568
18416  2257.3888788160993
18424  2269.292668990138
18432  2281.3051768744253
18440  2293.4260242396745
18448  2305.6548057505834
18456  2317.9910885305985
18464  2330.434411722356
18472  2342.9842860438202
18480  2355.6401933400666
18488  2368.4015861306757
18496  2381.2678871527237
18504  2394.238488899318
18512  2407.3127531536743
18520  2420.490010518682
18528  2433.7695599419353
18536  2447.1506682362174
18544  2460.632569595346
18552  2474.2144651054755
18560  2487.8955222516406
18568  2501.6748744196993
18576  2515.551620393511
18584  2529.524823847372
18592  2543.5935128336873
18600  2557.7566792657994
18608  2572.013278396011
18616  2586.3622282886813
18624  2600.802409288469
18632  2615.3326634835857
18640  2629.951794164101
18648  2644.6585652752383
18656  2659.4517008656326
18664  2674.3298845304867
18672  2689.291758849689
18680  2704.335924820717
18688  2719.460941286405
18696  2734.6653243575383
18704  2749.9475468301403
18712  2765.306037597521
18720  2780.7391810570443
18728  2796.245316511505
18736  2811.8227375651772
18744  2827.4696915143873
18752  2843.1843787327457
18760  2858.964952050792
18768  2874.80951613018
18776  2890.716126832326
18784  2906.682790581433
18792  2922.7074637219275
18800  2938.788051870215
18808  2954.922409260759
18816  2971.1083380864534
18824  2987.343587833171
18832  3003.6258546085905
18840  3019.9527804651007
18848  3036.321952716925
18856  3052.7309032512685
18864  3069.1771078335396
18872  3085.6579854065913
18880  3102.170897383957
18888  3118.713146936971
18896  3135.2819782758916
18904  3151.8745759247804
18912  3168.488063990298
18920  3185.1195054242594
18928  3201.7659012798954
18936  3218.424189961947
18944  3235.0912464702806
18952  3251.7638816372682
18960  3268.4388413587176
18968  3285.112805818364
18976  3301.782388705831
18984  3318.444136428182
18992  3335.094527314824
19000  3351.7299708158234
19008  3368.346806693652
19016  3384.941304208105
19024  3401.509661294691
19032  3418.0480037361176
19040  3434.5523843270125
19048  3451.0187820318492
19056  3467.4431011359306
19064  3483.821170389482
19072  3500.148742144744
19080  3516.4214914861445
19088  3532.6350153533076
19096  3548.784831657047
19104  3564.8663783882057
19112  3580.87501271931
19120  3596.806010099044
19128  3612.6545633394353
19136  3628.415781695694
19144  3644.0846899388207
19152  3659.6562274207095
19160  3675.125247131897
19168  3690.4865147517908
19176  3705.7347076914048
19184  3720.8644141284753
19192  3735.8701320350824
19200  3750.746268197512
19208  3765.487137228468
19216  3780.086960571519
19224  3794.539865497791
19232  3808.839884094803
19240  3822.980952247483
19248  3836.956908611128
19256  3850.761493576552
19264  3864.388348227124
19272  3877.831013287807
19280  3891.082928065992
19288  3904.1374293843237
19296  3916.9877505052114
19304  3929.627020047133
19312  3942.0482608926723
19320  3954.2443890881386
19328  3966.2082127349236
19336  3977.9324308723235
19344  3989.4096323518597
19352  4000.632294703204
19360  4011.5927829913544
19368  4022.2833486653662
19376  4032.6961283981836
19384  4042.823142917975
19392  4052.656295830568
19400  4062.1873724330508
19408  4071.4080385185675
19416  4080.30983917216
19424  4088.8841975576315
19432  4097.122413695386
19440  4105.015663231271
19448  4112.554996196126
19456  4119.7313357563535
19464  4126.535476955153
19472  4132.958085444487
19480  4138.989696207781
19488  4144.620712273173
19496  4149.841403417385
19504  4154.641904860098
19512  4159.0122159487655
19520  4162.942198833913
19528  4166.421577134696
19536  4169.439934594926
19544  4171.986713729129
19552  4174.051214459029
19560  4175.622592740053
19568  4176.689859177957
19576  4177.241877635514
19584  4177.2673638291935
19592  4176.754883915726
19600  4175.692853068624
19608  4174.06953404444
19616  4171.873035738922
19624  4169.091311732714
19632  4165.712158826887
19640  4161.723215567931
19648  4157.111960762433
19656  4151.865711981109
19664  4145.9716240523685
19672  4139.4166875452565
19680  4132.187727241659
19688  4124.271400597805
19696  4115.654196195019
19704  4106.322432179577
19712  4096.262254691683
19720  4085.4596362834036
19728  4073.90037432575
19736  4061.5700894045094
19744  4048.4542237050578
19752  4034.5380393858795
19760  4019.8066169409058
19768  4004.2448535505346
19776  3987.8374614212344
19784  3970.5689661137285
19792  3952.423704859704
19800  3933.385824866976
19808  3913.4392816130035
19816  3892.567837126742
19824  3870.755058258811
19832  3847.984314939743
19840  3824.238778426558
19848  3799.5014195372432
19856  3773.7550068733744
19864  3746.9821050305773
19872  3719.165072797056
19880  3690.2860613398016
19888  3660.3270123786106
19896  3629.269656347843
19904  3597.0955105458406
19912  3563.7858772718523
19920  3529.3218419505156
19928  3493.684271243833
19936  3456.8538111504786
19944  3418.810885092449
19952  3379.53569198899
19960  3339.0082043177035
19968  3297.2081661628
19976  3254.1150912503713
19984  3209.7082609707577
19992  3163.966722387741
20000  3116.8692862346666
20008  3068.3945248973737
20016  3018.520770383817
20024  2967.2261122804116
20032  2914.488395694936
20040  2860.28521918596
20048  2804.5939326788157
20056  2747.3916353678615
20064  2688.6551736051674
20072  2628.3611387753954
20080  2566.4858651569252
20088  2503.0054277690633
20096  2437.8956402053386
