0  2114.884765625
8  2077.8846796002313
16  2041.5308102028519
24  2005.8167619827057
32  1970.736182686215
40  1936.2827630461006
48  1902.4502365718483
56  1869.2323793409078
64  1836.6230097906243
72  1804.6159885108996
80  1773.2052180375942
88  1742.3846426466364
96  1712.1482481488847
104  1682.490061685693
112  1653.4041515252118
120  1624.8846268594034
128  1596.9256376017847
136  1569.5213741858738
144  1542.6660673643717
152  1516.353988009038
160  1490.5794469112982
168  1465.3367945835498
176  1440.6204210611738
184  1416.4247557052654
192  1392.7442670060727
200  1369.5734623871138
208  1346.9068880100256
216  1324.7391285801018
224  1303.0648071525222
232  1281.8785849392807
240  1261.1751611168313
248  1240.9492726343863
256  1221.1956940229554
264  1201.9092372050109
272  1183.0847513049173
280  1164.717122459991
288  1146.8012736322528
296  1129.3321644208997
304  1112.3047908754097
312  1095.7141853093478
320  1079.55541611487
328  1063.8235875778691
336  1048.5138396938096
344  1033.6213479842518
352  1019.1413233140014
360  1005.0690117090063
368  991.3996941748229
376  978.1286865158338
384  965.251339155085
392  952.7630369548008
400  940.6591990375392
408  928.9352786080718
416  917.5867627757958
424  906.6091723779629
432  895.9980618034122
440  885.7490188170694
448  875.8576643850415
456  866.3196525003449
464  857.1306700093467
472  848.2864364387809
480  839.7827038234664
488  831.6152565346214
496  823.7799111088526
504  816.2725160777977
512  809.0889517983148
520  802.225130283438
528  795.6769950338796
536  789.4405208701907
544  783.5117137655393
552  777.8866106791667
560  772.5612793904011
568  767.5318183333662
576  762.7943564322433
584  758.3450529372366
592  754.1800972610996
600  750.2957088163012
608  746.6881368528128
616  743.3536602965307
624  740.2885875882605
632  737.4892565233813
640  734.9520340920678
648  732.6733163201629
656  730.6495281106269
664  728.8771230856202
672  727.3525834291728
680  726.0724197304822
688  725.0331708277752
696  724.2314036528114
704  723.6637130759689
712  723.3267217519144
720  723.21707996591
728  723.3314654806459
736  723.6665833837553
744  724.2191659358447
752  724.985972419157
760  725.9637889868092
768  727.1494285126108
776  728.5397304414961
784  730.1315606404847
792  731.9218112503112
800  733.907400537531
808  736.0852727472983
816  738.452397956667
824  741.0057719284684
832  743.7424159658268
840  746.6593767671437
848  749.7537262817493
856  753.0225615660793
864  756.4630046404052
872  760.0722023461733
880  763.8473262038938
888  767.7855722715736
896  771.8841610037318
904  776.140337110977
912  780.5513694201468
920  785.1145507349764
928  789.8271976973626
936  794.686650649154
944  799.6902734945143
952  804.8354535628459
960  810.1196014721985
968  815.5401509933372
976  821.0945589142499
984  826.7803049052707
992  832.5948913847287
1000  838.5358433851238
1008  844.600708419857
1016  850.7870563505136
1024  857.0924792546663
1032  863.5145912942161
1040  870.0510285842923
1048  876.6994490626321
1056  883.45753235959
1064  890.3229796685524
1072  897.2935136169949
1080  904.3668781380034
1088  911.5408383423555
1096  918.8131803910899
1104  926.1817113686423
1112  933.6442591564652
1120  941.1986723072105
1128  948.8428199193996
1136  956.5745915126147
1144  964.3918969032229
1152  972.2926660806119
1160  980.2748490839139
1168  988.336415879292
1176  996.4753562376847
1184  1004.6896796131011
1192  1012.9774150213924
1200  1021.3366109195578
1208  1029.7653350855471
1216  1038.2616744985507
1224  1046.8237352198148
1232  1055.4496422739453
1240  1064.1375395307216
1248  1072.885589587387
1256  1081.6919736514783
1264  1090.554891424096
1272  1099.4725609837087
1280  1108.443218670459
1288  1117.4651189709039
1296  1126.5365344032907
1304  1135.6557554033502
1312  1144.8210902105009
1320  1154.0308647545794
1328  1163.2834225430738
1336  1172.5771245488168
1344  1181.9103490981472
1352  1191.2814917595974
1360  1200.6889652329978
1368  1210.1311992391259
1376  1219.6066404097749
1384  1229.113752178334
1392  1238.6510146708258
1400  1248.2169245974183
1408  1257.8099951444044
1416  1267.4287558666674
1424  1277.071752580594
1432  1286.7375472574633
1440  1296.4247179173058
1448  1306.1318585232061
1456  1315.8575788761163
1464  1325.6005045100587
1472  1335.3592765878525
1480  1345.132551797275
1488  1354.919002247669
1496  1364.7173153670253
1504  1374.5261937995135
1512  1384.3443553034513
1520  1394.170532649763
1528  1404.0034735208455
1536  1413.8419404099047
1544  1423.6847105207557
1552  1433.530575668037
1560  1443.3783421778874
1568  1453.226830789076
1576  1463.0748765545568
1584  1472.9213287434718
1592  1482.765050743603
1600  1492.6049199642564
1608  1502.4398277395749
1616  1512.2686792322993
1624  1522.0903933379718
1632  1531.9039025895456
1640  1541.7081530624585
1648  1551.5021042801177
1656  1561.2847291198173
1664  1571.0550137190958
1672  1580.8119573825077
1680  1590.5545724888239
1688  1600.2818843986624
1696  1609.9929313625444
1704  1619.6867644293566
1712  1629.3624473552595
1720  1639.0190565129851
1728  1648.6556808015814
1736  1658.2714215565672
1744  1667.86539246048
1752  1677.4367194538731
1760  1686.9845406467018
1768  1696.508006230135
1776  1706.0062783887636
1784  1715.4785312132383
1792  1724.9239506133006
1800  1734.3417342312207
1808  1743.7310913556544
1816  1753.0912428358902
1824  1762.4214209965114
1832  1771.7208695524491
1840  1780.98884352445
1848  1790.224609154927
1856  1799.427443824227
1864  1808.5966359672861
1872  1817.7314849906713
1880  1826.8313011900418
1888  1835.895405667978
1896  1844.9231302522203
1904  1853.913817414295
1912  1862.8668201885266
1920  1871.7815020914356
1928  1880.6572370415408
1936  1889.49340927953
1944  1898.2894132888173
1952  1907.0446537165064
1960  1915.758545294698
1968  1924.4305127622204
1976  1933.0599907867088
1984  1941.6464238870785
1992  1950.1892663563804
2000  1958.6879821850164
2008  1967.142044984347
2016  1975.5509379106693
2024  1983.914153589558
2032  1992.2311940405887
2040  2000.5015706024417
2048  2008.7248038583487
2056  2016.900423561929
2064  2025.0279685633918
2072  2033.106986736093
2080  2041.1370349034728
2088  2049.1176787663394
2096  2057.048492830536
2104  2064.9290603349486
2112  2072.7589731798944
2120  2080.5378318558464
2128  2088.265245372543
2136  2095.940831188431
2144  2103.564215140477
2152  2111.1350313743337
2160  2118.6529222748545
2168  2126.1175383969585
2176  2133.5285383968603
2184  2140.885588963635
2192  2148.6171875
2200  2155.4365483102715
2208  2162.629830021607
2216  2169.767908028336
2224  2176.8504881695785
2232  2183.8772839140356
2240  2190.848016293965
2248  2197.7624138395345
2256  2204.620212513476
2264  2211.4211556461
2272  2218.164993870651
2280  2224.851485058981
2288  2231.480394257582
2296  2238.0514936239306
2304  2244.5645623631813
2312  2251.0193866651866
2320  2257.415759641853
2328  2263.753481264815
2336  2270.0323583034465
2344  2276.252204263211
2352  2282.412839324312
2360  2288.5140902806907
2368  2294.555790479349
2376  2300.5377797599754
2384  2306.4599043949197
2392  2312.3220170294644
2400  2318.1239766224353
2408  2323.865648387128
2416  2329.5469037325374
2424  2335.1676202049252
2432  2340.7276814296906
2440  2346.226977053558
2448  2351.665402687082
2456  2357.042859847461
2464  2362.359255901669
2472  2367.614504009885
2480  2372.8085230692463
2488  2377.94123765791
2496  2383.0125779794034
2504  2388.022479807307
2512  2392.9708844302195
2520  2397.857738597047
2528  2402.6829944625824
2536  2407.446609533388
2544  2412.148546613985
2552  2416.7887737533456
2560  2421.367264191666
2568  2425.8839963074674
2576  2430.3389535649617
2584  2434.732124461746
2592  2439.0635024767525
2600  2443.3330860185383
2608  2447.5408783738294
2616  2451.6868876563803
2624  2455.7711267561144
2632  2459.7936132885525
2640  2463.75436954454
2648  2467.653422440255
2656  2471.490803467499
2664  2475.2665486442897
2672  2478.980698465713
2680  2482.633297855091
2688  2486.2243961154004
2696  2489.754046881
2704  2493.222308069618
2712  2496.629241834636
2720  2499.974914517639
2728  2503.259396601247
2736  2506.4827626622314
2744  2509.645091324902
2752  2512.7464652147532
2760  2515.786970912419
2768  2518.766698907869
2776  2521.685743554883
2784  2524.5442030258196
2792  2527.3421792666195
2800  2530.079777952106
2808  2532.757108441538
2816  2535.3742837344334
2824  2537.9314204266707
2832  2540.42863866683
2840  2542.866062112826
2848  2545.2438178887865
2856  2547.5620365421973
2864  2549.8208520013154
2872  2552.02040153283
2880  2554.160825699797
2888  2556.2422683198142
2896  2558.264876423478
2904  2560.2288002130713
2912  2562.134193021528
2920  2563.981211271634
2928  2565.7700144355026
2936  2567.5007649942777
2944  2569.173628398118
2952  2570.788773026398
2960  2572.346370148196
2968  2573.8465938829977
2976  2575.2896211616753
2984  2576.675631687691
2992  2578.00480789856
3000  2579.277334927566
3008  2580.4934005656883
3016  2581.6531952238274
3024  2582.756911895206
3032  2583.804746118078
3040  2584.796895938626
3048  2585.7335618741263
3056  2586.614946876349
3064  2587.4412562951916
3072  2588.2126978425526
3080  2588.92948155643
3088  2589.591819765284
3096  2590.1999270526
3104  2590.7540202217074
3112  2591.2543182608197
3120  2591.701042308322
3128  2592.094415618262
3136  2592.4346635261
3144  2592.7220134146683
3152  2592.9566946803657
3160  2593.1389386995884
3168  2593.268978795365
3176  2593.3470502042387
3184  2593.3733900433604
3192  2593.3482372778176
3200  2593.271832688172
3208  2593.14441883823
3216  2592.9662400430343
3224  2592.737542337061
3232  2592.4585734426664
3240  2592.129582738712
3248  2591.750821229443
3256  2591.322541513567
3264  2590.8449977535447
3272  2590.3184456451127
3280  2589.743142386999
3288  2589.1193466508635
3296  2588.4473185514657
3304  2587.727319617005
3312  2586.9596127597183
3320  2586.1444622466433
3328  2585.282133670632
3336  2584.372893921541
3344  2583.4170111576454
3352  2582.414754777258
3360  2581.366395390542
3368  2580.2722047915477
3376  2579.132455930447
3384  2577.947422885954
3392  2576.7173808379725
3400  2575.442606040437
3408  2574.1233757943432
3416  2572.7599684209968
3424  2571.352663235447
3432  2569.901740520125
3440  2568.4074814986798
3448  2566.870168310012
3456  2565.290083982497
3464  2563.6675124084063
3472  2562.0027383185325
3480  2560.2960472569907
3488  2558.547725556232
3496  2556.758060312226
3504  2554.927339359857
3512  2553.0558512484927
3520  2551.1438852177635
3528  2549.1917311734987
3536  2547.1996796638814
3544  2545.168021855776
3552  2543.097049511239
3560  2540.987054964233
3568  2538.8383310974946
3576  2536.6511713196196
3584  2534.4258695423086
3592  2532.1627201578062
3600  2529.8620180165194
3608  2527.524058404807
3616  2525.14913702297
3624  2522.737549963398
3632  2520.289593688916
3640  2517.805565011288
3648  2515.285761069914
3656  2512.7304793106914
3664  2510.140017465061
3672  2507.51467352923
3680  2504.8547457435475
3688  2502.160532572081
3696  2499.4323326823455
3704  2496.6704449252206
3712  2493.8751683150185
3720  2491.04680200974
3728  2488.185645291488
3736  2485.291997547061
3744  2482.3661582487016
3752  2479.4084269350196
3760  2476.4191031920864
3768  2473.398486634675
3776  2470.3468768877005
3784  2467.264573567779
3792  2464.1518762649944
3800  2461.009084524791
3808  2457.8364978300615
3816  2454.6344155833626
3824  2451.4031370893176
3832  2448.1429615371694
3840  2444.854187983491
3848  2441.537115335049
3856  2438.192042331839
3864  2434.8192675302694
3872  2431.4190892865
3880  2427.991805739936
3888  2424.537714796886
3896  2421.057114114358
3904  2417.5503010840234
3912  2414.0175728163263
3920  2410.4592261247462
3928  2406.875557510211
3936  2403.2668631456627
3944  2399.633438860774
3952  2395.975580126804
3960  2392.2935820416133
3968  2388.5877393148317
3976  2384.858346253148
3984  2381.10569674578
3992  2377.3300842500557
4000  2373.531801777173
4008  2369.7111418780755
4016  2365.8683966294825
4024  2362.003857620076
4032  2358.1178159368005
4040  2354.210562151329
4048  2350.282386306661
4056  2346.333577903859
4064  2342.3644258889226
4072  2338.375218639815
4080  2334.3662439536083
4088  2330.337789033777
4096  2326.290140477635
4104  2322.2235842638875
4112  2318.138405740338
4120  2314.034889611731
4128  2309.9133199277053
4136  2305.7739800709082
4144  2301.6171527452293
4152  2297.4431199641635
4160  2293.252163039316
4168  2289.0445625690268
4176  2284.820598427137
4184  2280.5805497518695
4192  2276.324694934855
4200  2272.053311610275
4208  2267.7666766441444
4216  2263.4650661236938
4224  2259.148755346916
4232  2254.818018812211
4240  2250.473130208161
4248  2246.114362403444
4256  2241.741987436846
4264  2237.3562765074203
4272  2232.9574999647525
4280  2228.5459272993644
4288  2224.1218271332164
4296  2219.6854672103505
4304  2215.2371143876444
4312  2210.7770346256843
4320  2206.3054929797645
4328  2201.8227535909873
4336  2197.329079677507
4344  2192.8247335258607
4352  2188.3099764824406
4360  2183.7850689450693
4368  2179.250270354696
4376  2174.705839187189
4384  2169.614501953125
4392  2165.589108150583
4400  2161.0173203357367
4408  2156.4369240366777
4416  2151.8481727850044
4424  2147.2513191004537
4432  2142.646614483497
4440  2138.0343094080413
4448  2133.414653314239
4456  2128.787894601398
4464  2124.154280621023
4472  2119.5140576699328
4480  2114.8674709835113
4488  2110.21476472905
4496  2105.556181999197
4504  2100.8919648055144
4512  2096.22235407214
4520  2091.5475896295547
4528  2086.86791020844
4536  2082.1835534336597
4544  2077.494755818322
4552  2072.8017527579595
4560  2068.1047785248006
4568  2063.4040662621433
4576  2058.6998479788313
4584  2053.992354543825
4592  2049.281815680875
4600  2044.5684599632918
4608  2039.8525148088127
4616  2035.1342064745634
4624  2030.4137600521244
4632  2025.691399462682
4640  2020.9673474522808
4648  2016.2418255871685
4656  2011.515054249244
4664  2006.7872526315773
4672  2002.0586387340475
4680  1997.3294293590561
4688  1992.5998401073425
4696  1987.8700853738835
4704  1983.140378343883
4712  1978.4109309888613
4720  1973.681954062828
4728  1968.9536570985374
4736  1964.22624840385
4744  1959.4999350581616
4752  1954.7749229089352
4760  1950.0514165683155
4768  1945.3296194098248
4776  1940.6097335651518
4784  1935.8919599210276
4792  1931.1764981161712
4800  1926.4635465383417
4808  1921.7533023214569
4816  1917.0459613428036
4824  1912.3417182203266
4832  1907.640766310006
4840  1902.94329770331
4848  1898.2495032247298
4856  1893.5595724293973
4864  1888.8736936007895
4872  1884.1920537484937
4880  1879.5148386060746
4888  1874.842232629002
4896  1870.1744189926687
4904  1865.511579590485
4912  1860.8538950320356
4920  1856.2015446413357
4928  1851.5547064551472
4936  1846.9135572213781
4944  1842.278272397553
4952  1837.6490261493607
4960  1833.025991349277
4968  1828.4093395752545
4976  1823.7992411094988
4984  1819.1958649373025
4992  1814.599378745963
5000  1810.009948923764
5008  1805.4277405590346
5016  1800.8529174392759
5024  1796.2856420503576
5032  1791.7260755757873
5040  1787.1743778960422
5048  1782.6307075879797
5056  1778.0952219243134
5064  1773.568076873149
5072  1769.0494270975967
5080  1764.5394259554457
5088  1760.0382254989127
5096  1755.5459764744464
5104  1751.0628283226013
5112  1746.5889291779802
5120  1742.1244258692388
5128  1737.6694639191512
5136  1733.2241875447478
5144  1728.7887396575036
5152  1724.3632618636045
5160  1719.9478944642633
5168  1715.5427764561014
5176  1711.1480455316005
5184  1706.7638380795972
5192  1702.3902891858593
5200  1698.0275326337041
5208  1693.6757009046876
5216  1689.3349251793493
5224  1685.0053353380126
5232  1680.6870599616548
5240  1676.380226332814
5248  1672.0849604365799
5256  1667.8013869616184
5264  1663.5296293012664
5272  1659.269809554681
5280  1655.0220485280356
5288  1650.786465735784
5296  1646.5631794019703
5304  1642.3523064615952
5312  1638.15396256204
5320  1633.9682620645406
5328  1629.7953180457118
5336  1625.6352422991308
5344  1621.4881453369726
5352  1617.354136391689
5360  1613.2333234177443
5368  1609.1258130934127
5376  1605.0317108226002
5384  1600.951120736746
5392  1596.884145696751
5400  1592.8308872949706
5408  1588.7914458572466
5416  1584.7659204449944
5424  1580.7544088573345
5432  1576.7570076332693
5440  1572.773812053916
5448  1568.8049161447798
5456  1564.8504126780688
5464  1560.9103931750706
5472  1556.9849479085565
5480  1553.0741659052446
5488  1549.1781349482997
5496  1545.2969415798834
5504  1541.4306711037411
5512  1537.579407587842
5520  1533.7432338670544
5528  1529.9222315458676
5536  1526.1164810011583
5544  1522.326061384991
5552  1518.5510506274723
5560  1514.791525439634
5568  1511.0475613163687
5576  1507.319232539397
5584  1503.6066121802794
5592  1499.9097721034661
5600  1496.228782969391
5608  1492.5637142375951
5616  1488.9146341699004
5624  1485.2816098336118
5632  1481.6647071047655
5640  1478.0639906714068
5648  1474.479524036911
5656  1470.9113695233427
5664  1467.3595882748427
5672  1463.82424026106
5680  1460.3053842806146
5688  1456.8030779645997
5696  1453.3173777801153
5704  1449.8483390338345
5712  1446.3960158756129
5720  1442.960461302122
5728  1439.5417271605236
5736  1436.1398641521691
5744  1432.7549218363451
5752  1429.3869486340361
5760  1426.0359918317308
5768  1422.7020975852543
5776  1419.385310923632
5784  1416.08567575299
5792  1412.8032348604818
5800  1409.5380299182414
5808  1406.2901014873764
5816  1403.0594890219838
5824  1399.8462308731985
5832  1396.650364293263
5840  1393.4719254396432
5848  1390.310949379151
5856  1387.1674700921137
5864  1384.041520476557
5872  1380.9331323524264
5880  1377.8423364658236
5888  1374.7691624932877
5896  1371.7136390460803
5904  1368.6757936745157
5912  1365.6556528723058
5920  1362.653242080937
5928  1359.6685856940633
5936  1356.701707061938
5944  1353.7526284958556
5952  1350.8213712726258
5960  1347.9079556390714
5968  1345.0124008165453
5976  1342.134725005475
5984  1339.2749453899269
5992  1336.4330781421945
6000  1333.6091384274116
6008  1330.8031404081821
6016  1328.015097249232
6024  1325.2450211220882
6032  1322.4929232097743
6040  1319.7588137115254
6048  1317.0427018475275
6056  1314.3445958636723
6064  1311.6645030363395
6072  1309.0024296771865
6080  1306.3583811379683
6088  1303.7323618153737
6096  1301.1243751558743
6104  1298.5344236605977
6112  1295.962508890221
6120  1293.4086314698707
6128  1290.8727910940522
6136  1288.3549865315915
6144  1285.8552156305925
6152  1283.3734753234123
6160  1280.9097616316512
6168  1278.4640696711626
6176  1276.0363936570745
6184  1273.6267269088282
6192  1271.235061855231
6200  1268.8613900395264
6208  1266.505702124474
6216  1264.1679878974496
6224  1261.8482362755524
6232  1259.5464353107361
6240  1257.2625721949387
6248  1254.9966332652418
6256  1252.74860400903
6264  1250.5184690691692
6272  1248.3062122491958
6280  1246.1118165185187
6288  1243.9352640176305
6296  1241.7765360633346
6304  1239.6356131539774
6312  1237.5124749747008
6320  1235.4071004026944
6328  1233.3194675124664
6336  1231.2495535811217
6344  1229.1973350936496
6352  1227.1627877482213
6360  1225.1458864615001
6368  1223.146605373956
6376  1221.1649178551888
6384  1219.2007965092694
6392  1217.2542131800728
6400  1215.325138956639
6408  1213.4135441785243
6416  1211.519398441173
6424  1209.642670601285
6432  1207.7833287822043
6440  1205.9413403793028
6448  1204.116672065373
6456  1202.309289796036
6464  1200.519158815141
6472  1198.7462436601845
6480  1196.990508167726
6488  1195.2519154788151
6496  1193.5304280444168
6504  1191.8260076308527
6512  1190.138615325235
6520  1188.4682115409134
6528  1186.8147560229236
6536  1185.1782078534386
6544  1183.5585254572238
6552  1181.9556666071012
6560  1180.3695884294089
6568  1178.8002474094692
6576  1177.247599397057
6584  1175.7115996118741
6592  1174.1922026490204
6600  1172.6893624844747
6608  1171.2030324805696
6616  1169.7331653914757
6624  1168.279713368683
6632  1166.8426279664825
6640  1165.421860147454
6648  1164.0173602879493
6656  1162.6290781835821
6664  1161.256963054712
6672  1159.900963551932
6680  1158.5610277615583
6688  1157.2371032111173
6696  1155.9291368748288
6704  1154.637075179099
6712  1153.360864007999
6720  1152.1004487087555
6728  1150.8557740972324
6736  1149.626784463411
6744  1148.413423576877
6752  1147.215634692289
6760  1146.033360554867
6768  1144.8665434058598
6776  1143.7151249880194
6784  1142.5790465510743
6792  1141.4582488571884
6800  1140.352672186434
6808  1139.2622563422503
6816  1138.1869406568987
6824  1137.126663996918
6832  1136.0813647685766
6840  1135.0509809233192
6848  1134.0354499632053
6856  1133.0347089463528
6864  1132.048694492369
6872  1131.077342787779
6880  1130.1205895914497
6888  1129.1783702400153
6896  1128.2506196532797
6904  1127.3372723396374
6912  1126.4382624014665
6920  1125.5535235405337
6928  1124.6829890633812
6936  1123.8265918867125
6944  1122.9842645427714
6952  1122.1559391847177
6960  1121.3415475919885
6968  1120.5410211756598
6976  1119.7542909837987
6984  1118.9812877068066
6992  1118.2219416827604
7000  1117.4761829027382
7008  1116.7439410161453
7016  1116.025145336027
7024  1115.3197248443764
7032  1114.6276081974318
7040  1113.9487237309686
7048  1113.2829994655788
7056  1112.6303631119467
7064  1111.9907420761122
7072  1111.3640634647245
7080  1110.75025409029
7088  1110.1492404764108
7096  1109.5609488630084
7104  1108.9853052115454
7112  1108.4222352102306
7120  1107.8716642792208
7128  1107.3335175758036
7136  1106.8077199995828
7144  1106.29419619764
7152  1105.7928705696932
7160  1105.3036672732464
7168  1104.8265102287226
7176  1104.361323124587
7184  1103.9080294224661
7192  1103.4665523622432
7200  1103.0368149671563
7208  1102.6187400488736
7216  1102.212250212562
7224  1101.8172678619442
7232  1101.4337152043415
7240  1101.0615142557074
7248  1100.7005868456465
7256  1100.3508546224232
7264  1100.0122390579525
7272  1099.6846614527904
7280  1099.3680429410945
7288  1099.0623044955883
7296  1098.7673669324988
7304  1098.483150916492
7312  1098.2095769655862
7320  1097.9465654560593
7328  1097.6940366273354
7336  1097.4519105868644
7344  1097.2201073149856
7352  1096.9985466697701
7360  1096.7871483918648
7368  1096.5858321093065
7376  1096.3945173423301
7384  1096.2131235081613
7392  1096.0415699257942
7400  1095.8797758207495
7408  1095.727660329832
7416  1095.5851425058527
7424  1095.452141322355
7432  1095.3285756783134
7440  1095.2143644028224
7448  1095.1094262597699
7456  1095.0136799524923
7464  1094.9270441284152
7472  1094.8494373836816
7480  1094.780778267761
7488  1094.7209852880412
7496  1094.6699769144068
7504  1094.627671583803
7512  1094.593987704779
7520  1094.5688436620183
7528  1094.552157820849
7536  1094.5438485317438
7544  1094.5438341347954
7552  1094.5520329641831
7560  1094.5683633526144
7568  1094.5927436357576
7576  1094.6250921566511
7584  1094.6653272701
7592  1094.7133673470519
7600  1094.7691307789567
7608  1094.832535982112
7616  1094.9035014019844
7624  1094.9819455175193
7632  1095.067786845429
7640  1095.1609439444665
7648  1095.2613354196776
7656  1095.3688799266386
7664  1095.4834961756721
7672  1095.6051029360474
7680  1095.7336190401602
7688  1095.8689633877018
7696  1096.011054949795
7704  1096.1598127731265
7712  1096.3151559840508
7720  1096.47700379268
7728  1096.6452754969548
7736  1096.8198904866927
7744  1097.000768247624
7752  1097.1878283654
7760  1097.3809905295918
7768  1097.5801745376607
7776  1097.7853002989164
7784  1097.996287838453
7792  1098.2130573010643
7800  1098.4355289551409
7808  1098.66362319655
7816  1098.8972605524905
7824  1099.1363616853344
7832  1099.3808473964416
7840  1099.6306386299614
7848  1099.88565647661
7856  1100.1458221774299
7864  1100.411057127526
7872  1100.6812828797895
7880  1100.9564211485879
7888  1101.2363938134504
7896  1101.5211229227239
7904  1101.8105306972056
7912  1102.1045395337653
7920  1102.403072008942
7928  1102.706050882511
7936  1103.0133991010493
7944  1103.3250398014663
7952  1103.6408963145132
7960  1103.9608921682814
7968  1104.2849510916717
7976  1104.6129970178433
7984  1104.9449540876485
7992  1105.280746653036
8000  1105.6202992804429
8008  1105.963536754159
8016  1106.3103840796714
8024  1106.6607664869912
8032  1107.0146094339527
8040  1107.3718386094977
8048  1107.7323799369328
8056  1108.0961595771705
8064  1108.4631039319424
8072  1108.8331396469998
8080  1109.2061936152809
8088  1109.5821929800675
8096  1109.9610651381133
8104  1110.3427377427531
8112  1110.727138706988
8120  1111.1141962065537
8128  1111.5038386829585
8136  1111.8959948465083
8144  1112.2905936793047
8152  1112.687564438219
8160  1113.086836657854
8168  1113.488340153468
8176  1113.8920050238928
8184  1114.2977616544192
8192  1114.7055407196642
8200  1115.1152731864127
8208  1115.5268903164435
8216  1115.9403236693258
8224  1116.3555051051974
8232  1116.7723667875186
8240  1117.1908411858058
8248  1117.6108610783429
8256  1118.0323595548634
8264  1118.455270019222
8272  1118.8795261920334
8280  1119.3050621132913
8288  1119.7318121449684
8296  1120.1597109735899
8304  1120.5886936127858
8312  1121.0186954058204
8320  1121.4496520280968
8328  1121.8814994896445
8336  1122.3141741375805
8344  1122.7476126585425
8352  1123.1817520811114
8360  1123.6165297781993
8368  1124.0518834694228
8376  1124.4877512234493
8384  1124.9240714603181
8392  1125.3607829537495
8400  1125.7978248334143
8408  1126.235136587196
8416  1126.6726580634202
8424  1127.1103294730667
8432  1127.548091391955
8440  1127.9858847629075
8448  1128.4236508978922
8456  1128.8613314801378
8464  1129.2988685662322
8472  1129.7362045881907
8480  1130.173282355508
8488  1130.61004505718
8496  1131.0464362637103
8504  1131.4823999290875
8512  1131.9178803927423
8520  1132.352822381481
8528  1132.7871710113945
8536  1133.2208717897486
8544  1133.653870616845
8552  1134.0861137878628
8560  1134.517547994678
8568  1134.9481203276575
8576  1135.3777782774284
8584  1135.8064697366308
8592  1136.2341430016388
8600  1136.6607467742667
8608  1137.0862301634443
8616  1137.5105426868763
8624  1137.9336342726738
8632  1138.3554552609612
8640  1138.7759564054686
8648  1139.1950888750898
8656  1139.6128042554271
8664  1140.0290545503049
8672  1140.4437921832669
8680  1140.8569699990412
8688  1141.2685412649992
8696  1141.6784596725684
8704  1142.0866793386433
8712  1142.4931548069585
8720  1142.8978410494462
8728  1143.3006934675693
8736  1143.701667893631
8744  1144.10072059206
8752  1144.4978082606744
8760  1144.8928880319218
8768  1145.285917474099
8776  1145.6768545925436
8784  1146.0656578308067
8792  1146.4522860718007
8800  1146.8366986389249
8808  1147.218855297172
8816  1147.5987162541994
8824  1147.9762421613934
8832  1148.351394114902
8840  1148.7241336566408
8848  1149.0944227752873
8856  1149.4622239072432
8864  1149.8274999375785
8872  1150.190214200948
8880  1150.5503304824927
8888  1150.9078130187097
8896  1151.2626264983076
8904  1151.6147360630318
8912  1151.9641073084742
8920  1152.3107062848514
8928  1152.6544994977714
8936  1152.9954539089688
8944  1153.3335369370182
8952  1153.6687164580326
8960  1154.0009608063276
8968  1154.330238775076
8976  1154.6565196169272
8984  1154.9797730446137
8992  1155.2999692315307
9000  1155.6170788122954
9008  1155.9310728832806
9016  1156.2419230031292
9024  1156.5496011932473
9032  1156.854079938269
9040  1157.1553321865076
9048  1157.4533313503764
9056  1157.7480513067926
9064  1158.039466397557
9072  1158.3275514297136
9080  1158.6122816758816
9088  1158.893632874574
9096  1159.1715812304847
9104  1159.4461034147637
9112  1159.7171765652593
9120  1159.9847782867494
9128  1160.2488866511403
9136  1160.5094801976554
9144  1160.7665379329896
9152  1161.020039331453
9160  1161.2699643350832
9168  1161.5162933537454
9176  1161.7590072652033
9184  1161.9980874151724
9192  1162.23351561735
9200  1162.4652741534253
9208  1162.6933457730663
9216  1162.9177136938868
9224  1163.1383616013886
9232  1163.355273648891
9240  1163.5684344574272
9248  1163.7778291156264
9256  1163.9834431795778
9264  1164.1852626726645
9272  1164.383274085383
9280  1164.5774643751395
9288  1164.7678209660266
9296  1164.9543317485752
9304  1165.1369850794924
9312  1165.3157697813692
9320  1165.4906751423762
9328  1165.6616909159334
9336  1165.8288073203612
9344  1165.9920150385105
9352  1166.15130521737
9360  1166.3066694676572
9368  1166.4580998633855
9376  1166.6055889414135
9384  1166.7491297009692
9392  1166.8887156031592
9400  1167.0243405704546
9408  1167.1559989861582
9416  1167.28368569385
9424  1167.4073959968148
9432  1167.5271256574447
9440  1167.6428708966284
9448  1167.7546283931183
9456  1167.862395282871
9464  1167.9661691583806
9472  1168.0659480679806
9480  1168.1617305151315
9488  1168.2535154576888
9496  1168.3413023071519
9504  1168.4250909278885
9512  1168.5048816363446
9520  1168.5806752002356
9528  1168.652472837714
9536  1168.7202762165189
9544  1168.7840874531082
9552  1168.8439091117737
9560  1168.8997442037276
9568  1168.9515961861812
9576  1168.9994689613968
9584  1169.043366875727
9592  1169.0832947186277
9600  1169.119257721658
9608  1169.1512615574607
9616  1169.1793123387217
9624  1169.2034166171136
9632  1169.2235813822163
9640  1169.2398140604266
9648  1169.252122513841
9656  1169.260515039126
9664  1169.2650003663691
9672  1169.2655876579088
9680  1169.2622865071485
9688  1169.2551069373549
9696  1169.2440594004336
9704  1169.2291547756877
9712  1169.2104043685647
9720  1169.1878199093746
9728  1169.1614135520017
9736  1169.1311978725885
9744  1169.0971858682137
9752  1169.059390955537
9760  1169.0178269694466
9768  1168.9725081616664
9776  1168.9234491993677
9784  1168.8706651637488
9792  1168.8141715486029
9800  1168.7539842588692
9808  1168.690119609167
9816  1168.62259432231
9824  1168.55142552781
9832  1168.476630760355
9840  1168.3982279582783
9848  1168.3162354620097
9856  1168.2306720125048
9864  1168.1415567496636
9872  1168.048909210732
9880  1167.9527493286853
9888  1167.8530974305936
9896  1167.7499742359776
9904  1167.6434008551414
9912  1167.5333987874933
9920  1167.4199899198495
9928  1167.3031965247205
9936  1167.1830412585882
9944  1167.059547160156
9952  1166.9327376485953
9960  1166.8026365217675
9968  1166.669267954436
9976  1166.5326564964603
9984  1166.3928270709766
9992  1166.2498049725623
10000  1166.1036158653812
10008  1165.9542857813242
10016  1165.8018411181245
10024  1165.646308637464
10032  1165.4877154630626
10040  1165.3260890787533
10048  1165.161457326543
10056  1164.9938484046584
10064  1164.8232908655782
10072  1164.6498136140501
10080  1164.4734459050942
10088  1164.294217341993
10096  1164.1121578742639
10104  1163.9272977956218
10112  1163.7396677419276
10120  1163.549298689118
10128  1163.356221951129
10136  1163.1604691778002
10144  1162.9620723527646
10152  1162.7610637913333
10160  1162.5574761383543
10168  1162.3513423660718
10176  1162.1426957719611
10184  1161.9315699765548
10192  1161.717998921258
10200  1161.502016866147
10208  1161.2836583877554
10216  1161.062958376852
10224  1160.8399520362004
10232  1160.6146748783108
10240  1160.3871627231722
10248  1160.1574516959824
10256  1159.925578224858
10264  1159.6915790385335
10272  1159.4554911640514
10280  1159.2173519244373
10288  1158.977198936364
10296  1158.7350701078044
10304  1158.4910036356714
10312  1158.2450380034486
10320  1157.9972119788044
10328  1157.7475646112018
10336  1157.4961352294904
10344  1157.2429634394935
10352  1156.9880891215741
10360  1156.7315524282033
10368  1156.473393781506
10376  1156.2136538708007
10384  1155.9523736501317
10392  1155.6895943357804
10400  1155.425357403781
10408  1155.1597045874107
10416  1154.8926778746793
10424  1154.6243195058053
10432  1154.3546719706812
10440  1154.0837780063282
10448  1153.811680594348
10456  1153.5384229583497
10464  1153.264048561384
10472  1152.9886011033561
10480  1152.7121245184308
10488  1152.4346629724375
10496  1152.156260860249
10504  1151.876962803164
10512  1151.5968136462798
10520  1151.3158584558482
10528  1151.0341425166278
10536  1150.7517113292279
10544  1150.4686106074407
10552  1150.184886275568
10560  1149.900584465735
10568  1149.6157515152006
10576  1149.3304339636547
10584  1149.0446785505103
10592  1148.758532212186
10600  1148.472042079382
10608  1148.1852554743448
10616  1147.8982199081267
10624  1147.6109830778373
10632  1147.3235928638878
10640  1147.0360973272232
10648  1146.7485447065546
10656  1146.4609834155763
10664  1146.1734620401821
10672  1145.8860293356713
10680  1145.5987342239457
10688  1145.3116257907034
10696  1145.024753282624
10704  1144.7381661045479
10712  1144.4519138166452
10720  1144.1660461315853
10728  1143.8806129116913
10736  1143.5956641660955
10744  1143.3112500478844
10752  1143.0274208512383
10760  1142.744227008566
10768  1142.4617190876313
10776  1142.179947788677
10784  1141.8989639415408
10792  1141.6188185027643
10800  1141.3395625526991
10808  1141.0612472926077
10816  1140.7839240417568
10824  1140.507644234506
10832  1140.232459417392
10840  1139.9584212462091
10848  1139.6855814830803
10856  1139.41399199353
10864  1139.143704743547
10872  1138.8747717966426
10880  1138.6072453109089
10888  1138.3411775360685
10896  1138.0766208105244
10904  1137.813627558395
10912  1137.552250286561
10920  1137.2925415816965
10928  1137.0345541072975
10936  1136.7783406007159
10944  1136.5239538701724
10952  1136.2714467917856
10960  1136.020872306586
10968  1135.7722834175236
10976  1135.5257331864873
10984  1135.2812747313033
10992  1135.0389612227432
11000  1134.7988458815241
11008  1134.5609819753045
11016  1134.3254228156827
11024  1134.0922217551895
11032  1133.8614321842742
11040  1133.6331075282992
11048  1133.4073012445199
11056  1133.1840668190714
11064  1132.963457763949
11072  1132.7455276139888
11080  1132.5303299238435
11088  1132.31791826496
11096  1132.1083462225554
11104  1131.9016673925837
11112  1131.6979353787162
11120  1131.4972037893058
11128  1131.2995262343554
11136  1131.1049563224915
11144  1130.9135476579252
11152  1130.725353837422
11160  1130.5404284472665
11168  1130.3588250602259
11176  1130.1805972325171
11184  1130.0057985007663
11192  1129.8344823789785
11200  1129.666702355494
11208  1129.502511889957
11216  1129.341964410276
11224  1129.1851133095881
11232  1129.0320119432242
11240  1128.8827136256689
11248  1128.7372716275286
11256  1128.5957391724946
11264  1128.4581694343092
11272  1128.3246155337322
11280  1128.1951305355087
11288  1128.0697674453343
11296  1127.9485792068301
11304  1127.8316186985048
11312  1127.7189387307367
11320  1127.6105920427376
11328  1127.5066312995357
11336  1127.407109088943
11344  1127.3120779185433
11352  1127.2215902126627
11360  1127.13569830936
11368  1127.0544544574043
11376  1126.977910813264
11384  1126.9061194380954
11392  1126.8391322947334
11400  1126.777001244683
11408  1126.719778045119
11416  1126.6675143458806
11424  1126.620261686474
11432  1126.5780714930804
11440  1126.5409950755584
11448  1126.5090836244578
11456  1126.4823882080316
11464  1126.4609597692543
11472  1126.4448491228434
11480  1126.4341069522816
11488  1126.428783806846
11496  1126.4289300986397
11504  1126.434596099628
11512  1126.445831938677
11520  1126.4626875985978
11528  1126.4852129131955
11536  1126.513457564319
11544  1126.5474710789208
11552  1126.5873028261167
11560  1126.6330020142525
11568  1126.6846176879726
11576  1126.7421987252978
11584  1126.805793834706
11592  1126.8754515522185
11600  1126.9512202384872
11608  1127.0331480758932
11616  1127.121283065649
11624  1127.2156730249073
11632  1127.3163655838653
11640  1127.4234081828943
11648  1127.5368480696566
11656  1127.6567322962364
11664  1127.7831077162803
11672  1127.916020982134
11680  1128.0555185419948
11688  1128.2016466370649
11696  1128.3544512987132
11704  1128.5139783456436
11712  1128.680273381068
11720  1128.8533817898913
11728  1129.0333487358962
11736  1129.2202191589404
11744  1129.4140377721596
11752  1129.614849059173
11760  1129.8226972713078
11768  1130.0376264248143
11776  1130.2596802981075
11784  1130.4889024289978
11792  1130.7253361119442
11800  1130.9690243953078
11808  1131.2200100786135
11816  1131.4783357098217
11824  1131.7440435826086
11832  1132.0171757336527
11840  1132.2977739399305
11848  1132.585879716021
11856  1132.8815343114184
11864  1133.1847787078545
11872  1133.4956536166287
11880  1133.8141994759435
11888  1134.1404564482598
11896  1134.4744644176483
11904  1134.8162629871565
11912  1135.165891476188
11920  1135.5233889178826
11928  1135.888794056516
11936  1136.262145344898
11944  1136.6434809417929
11952  1137.0328387093368
11960  1137.430256210476
11968  1137.8357707064079
11976  1138.249419154035
11984  1138.6712382034295
11992  1139.1012641953082
12000  1139.5395331585123
12008  1139.9860808075093
12016  1140.4409425398933
12024  1140.904153433904
12032  1141.3757482459516
12040  1141.855761408159
12048  1142.3442270259065
12056  1142.8411788753929
12064  1143.3466504012097
12072  1143.8606747139197
12080  1144.3832845876539
12088  1144.9145124577165
12096  1145.4543904182008
12104  1146.0029502196198
12112  1146.5602232665462
12120  1147.1262406152644
12128  1147.701032971436
12136  1148.2846306877755
12144  1148.87706376174
12152  1149.4783618332299
12160  1150.0885541823038
12168  1150.7076697269001
12176  1151.3357370205829
12184  1151.972784250285
12192  1152.6188392340796
12200  1153.2739294189507
12208  1153.938081878588
12216  1154.6113233111864
12224  1155.293680037264
12232  1155.985177997492
12240  1156.6858427505333
12248  1157.3956994709026
12256  1158.114772946838
12264  1158.8430875781773
12272  1159.5806673742613
12280  1160.3275359518418
12288  1161.0837165330056
12296  1161.8492319431168
12304  1162.6241046087657
12312  1163.4083565557396
12320  1164.2020094069976
12328  1165.005084380676
12336  1165.817602288089
12344  1166.6395835317617
12352  1167.4710481034613
12360  1168.3120155822585
12368  1169.1625051325914
12376  1170.0225355023522
12384  1170.8921250209844
12392  1171.7712915976
12400  1172.6600527191033
12408  1173.5584254483394
12416  1174.4664264222552
12424  1175.38407185007
12432  1176.3113775114696
12440  1177.2483587548145
12448  1178.195030495357
12456  1179.1514072134853
12464  1180.1175029529722
12472  1181.093331319249
12480  1182.0789054776894
12488  1183.0742381519126
12496  1184.0793416221022
12504  1185.0942277233398
12512  1186.1189078439584
12520  1187.1533929239074
12528  1188.1976934531403
12536  1189.2518194700126
12544  1190.3157805597025
12552  1191.3895858526441
12560  1192.4732440229789
12568  1193.5667632870257
12576  1194.6701514017657
12584  1195.7834156633455
12592  1196.9065629055995
12600  1198.0395994985815
12608  1199.1825313471293
12616  1200.3353638894282
12624  1201.4981020956077
12632  1202.6707504663457
12640  1203.8533130314966
12648  1205.0457933487335
12656  1206.2481945022093
12664  1207.4605191012392
12672  1208.682769278994
12680  1209.9149466912197
12688  1211.15705251497
12696  1212.4090874473582
12704  1213.6710517043302
12712  1214.94294501945
12720  1216.2247666427122
12728  1217.516515339365
12736  1218.8181893887574
12744  1220.1297865832014
12752  1221.451304226859
12760  1222.7827391346384
12768  1224.1240876311197
12776  1225.4753455494933
12784  1226.8365082305174
12792  1228.2075705215
12800  1229.588526775293
12808  1230.9793708493144
12816  1232.3800961045788
12824  1233.790695404759
12832  1235.2111611152577
12840  1236.6414851023083
12848  1238.0816587320837
12856  1239.531672869838
12864  1240.991517879058
12872  1242.4611836206363
12880  1243.940659452074
12888  1245.4299342266886
12896  1246.9289962928513
12904  1248.4378334932474
12912  1249.956433164144
12920  1251.4847821346964
12928  1253.0228667262568
12936  1254.570672751716
12944  1256.1281855148625
12952  1257.695389809756
12960  1259.2722699201358
12968  1260.8588096188332
12976  1262.4549921672158
12984  1264.0608003146515
12992  1265.6762162979894
13000  1267.3012218410636
13008  1268.9357981542228
13016  1270.5799259338728
13024  1272.2335853620464
13032  1273.8967561059926
13040  1275.5694173177865
13048  1277.251547633963
13056  1278.9431251751696
13064  1280.6441275458417
13072  1282.3545318338993
13080  1284.0743146104667
13088  1285.803451929612
13096  1287.5419193281102
13104  1289.2896918252275
13112  1291.0467439225222
13120  1292.813049603685
13128  1294.5885823343742
13136  1296.3733150621015
13144  1298.167220216115
13152  1299.9702697073258
13160  1301.7824349282387
13168  1303.60368675292
13176  1305.4339955369774
13184  1307.2733311175687
13192  1309.121662813427
13200  1310.9789594249166
13208  1312.8451892341031
13216  1314.720320004853
13224  1316.60431898295
13232  1318.49715289624
13240  1320.3987879547958
13248  1322.309189851099
13256  1324.2283237602637
13264  1326.1561543402556
13272  1328.0926457321584
13280  1330.0377615604518
13288  1331.9914649333111
13296  1333.953718442939
13304  1335.9244841659095
13312  1337.903723663545
13320  1339.8913979823087
13328  1341.887467654228
13336  1343.8918926973342
13344  1345.9046326161322
13352  1347.9256464020843
13360  1349.95489253413
13368  1351.9923289792218
13376  1354.0379131928812
13384  1356.0916021197897
13392  1358.153352194392
13400  1360.2231193415303
13408  1362.3008589771
13416  1364.3865260087266
13424  1366.4800748364732
13432  1368.581459353565
13440  1370.6906329471412
13448  1372.807548499032
13456  1374.9321583865549
13464  1377.0644144833427
13472  1379.204268160187
13480  1381.3516702859126
13488  1383.506571228271
13496  1385.6689208548669
13504  1387.8386685340927
13512  1390.0157631361074
13520  1392.2001530338237
13528  1394.391786103928
13536  1396.5906097279221
13544  1398.796570793191
13552  1401.009615694091
13560  1403.2296903330675
13568  1405.4567401217944
13576  1407.6907099823388
13584  1409.9315443483504
13592  1412.1791871662754
13600  1414.433581896594
13608  1416.6946715150893
13616  1418.9623985141234
13624  1421.236704903963
13632  1423.5175322141101
13640  1425.8048214946643
13648  1428.0985133177132
13656  1430.3985477787414
13664  1432.704864498069
13672  1435.0174026223133
13680  1437.3361008258757
13688  1439.6608973124503
13696  1441.9917298165678
13704  1444.3285356051488
13712  1446.6712514790963
13720  1449.0198137749064
13728  1451.3741583662998
13736  1453.7342206658943
13744  1456.0999356268812
13752  1458.471237744744
13760  1460.8480610589925
13768  1463.2303391549249
13776  1465.61800516542
13784  1468.0109917727425
13792  1470.40923121039
13800  1472.8126552649449
13808  1475.2211952779746
13816  1477.6347821479364
13824  1480.0533463321206
13832  1482.4768178486127
13840  1484.905126278285
13848  1487.3382007668113
13856  1489.7759700267015
13864  1492.218362339375
13872  1494.665305557246
13880  1497.1167271058416
13888  1499.572553985943
13896  1502.0327127757494
13904  1504.4971296330755
13912  1506.9657302975647
13920  1509.4384400929316
13928  1511.9151839292354
13936  1514.3958863051637
13944  1516.880471310364
13952  1519.368862627775
13960  1521.8609835360069
13968  1524.356756911732
13976  1526.8561052321002
13984  1529.3589505771959
13992  1531.8652146325003
14000  1534.3748186913922
14008  1536.887683657667
14016  1539.4037300480863
14024  1541.9228779949522
14032  1544.4450472487006
14040  1546.9701571805274
14048  1549.4981267850408
14056  1552.0288746829285
14064  1554.5623191236643
14072  1557.098377988227
14080  1559.6369687918548
14088  1562.1780086868212
14096  1564.721414465231
14104  1567.2671025618533
14112  1569.814989056968
14120  1572.364989679246
14128  1574.91701980865
14136  1577.4709944793601
14144  1580.0268283827297
14152  1582.584435870263
14160  1585.143730956617
14168  1587.7046273226297
14176  1590.2670383183747
14184  1592.8308769662403
14192  1595.3960559640336
14200  1597.9624876881078
14208  1600.5300841965193
14216  1603.098757232204
14224  1605.6684182261847
14232  1608.238978300801
14240  1610.8103482729587
14248  1613.382438657417
14256  1615.955159670089
14264  1618.5284212313695
14272  1621.1021329694956
14280  1623.6762042239222
14288  1626.2505440487255
14296  1628.8250612160355
14304  1631.399664219489
14312  1633.97426127771
14320  1636.5487603378115
14328  1639.123069078926
14336  1641.6970949157558
14344  1644.2707450021574
14352  1646.8439262347388
14360  1649.416545256489
14368  1651.9885084604302
14376  1654.5597219932963
14384  1657.130091759231
14392  1659.6995234235155
14400  1662.2679224163187
14408  1664.8351939364736
14416  1667.4012429552718
14424  1669.9659742202946
14432  1672.5292922592523
14440  1675.091101383864
14448  1677.6513056937501
14456  1680.2098090803536
14464  1682.7665152308855
14472  1685.3213276322947
14480  1687.8741495752606
14488  1690.4248841582066
14496  1692.9734342913503
14504  1695.519702700759
14512  1698.0635919324443
14520  1700.6050043564753
14528  1703.1438421711098
14536  1705.6800074069645
14544  1708.21340193119
14552  1710.7439274516835
14560  1713.27148552132
14568  1715.7959775422087
14576  1718.3173047699652
14584  1720.835368318024
14592  1723.3500691619556
14600  1725.8613081438186
14608  1728.3689859765338
14616  1730.873003248276
14624  1733.373260426894
14632  1735.8696578643553
14640  1738.3620958012064
14648  1740.8504743710646
14656  1743.334693605125
14664  1745.8146534367006
14672  1748.2902537057705
14680  1750.7613941635666
14688  1753.2279744771704
14696  1755.6898942341431
14704  1758.1470529471671
14712  1760.5993500587201
14720  1763.0466849457669
14728  1765.4889569244708
14736  1767.926065254935
14744  1770.3579091459583
14752  1772.7843877598193
14760  1775.2054002170773
14768  1777.6208456013987
14776  1780.0306229644075
14784  1782.4346313305487
14792  1784.832769701985
14800  1787.224937063506
14808  1789.6110323874673
14816  1791.9909546387373
14824  1794.364602779689
14832  1796.731875775186
14840  1799.0926725976103
14848  1801.446892231901
14856  1803.79443368062
14864  1806.1351959690317
14872  1808.4690781502115
14880  1810.7959793101722
14888  1813.1157985730063
14896  1815.4284351060608
14904  1817.7337881251178
14912  1820.0317568996088
14920  1822.3222407578419
14928  1824.6051390922526
14936  1826.8803513646728
14944  1829.1477771116208
14952  1831.4073159496154
14960  1833.6588675805012
14968  1835.902331796805
14976  1838.1376084871001
14984  1840.3645976414014
14992  1842.5831993565735
15000  1844.7933138417604
15008  1846.9948414238333
15016  1849.1876825528611
15024  1851.3717378075967
15032  1853.5469079009843
15040  1855.713093685686
15048  1857.8701961596248
15056  1860.0181164715505
15064  1862.1567559266218
15072  1864.2860159920067
15080  1866.405798302502
15088  1868.5160046661774
15096  1870.6165370700214
15104  1872.707297685626
15112  1874.7881888748757
15120  1876.8591131956584
15128  1878.9199734075964
15136  1880.9706724777918
15144  1883.0111135865905
15152  1885.0412001333657
15160  1887.060835742318
15168  1889.06992426829
15176  1891.0683698026046
15184  1893.0560766789101
15192  1895.0329494790553
15200  1896.9988930389718
15208  1898.953812454573
15216  1900.8976130876786
15224  1902.8302005719452
15232  1904.7514808188216
15240  1906.6613600235114
15248  1908.5597446709628
15256  1910.446541541866
15264  1912.3216577186668
15272  1914.1850005916037
15280  1916.0364778647488
15288  1917.875997562078
15296  1919.703468033541
15304  1921.518797961163
15312  1923.3218963651484
15320  1925.1126726100015
15328  1926.8910364106732
15336  1928.656897838709
15344  1930.4101673284165
15352  1932.1507556830477
15360  1933.8785740809965
15368  1935.593534082012
15376  1937.2955476334166
15384  1938.9845270763508
15392  1940.6603851520222
15400  1942.32303500797
15408  1943.9723902043497
15416  1945.6083647202202
15424  1947.230872959854
15432  1948.8398297590502
15440  1950.4351503914763
15448  1952.0167505749976
15456  1953.58454647805
15464  1955.1384547259993
15472  1956.6783924075276
15480  1958.2042770810224
15488  1959.7160267809852
15496  1961.2135600244528
15504  1962.696795817419
15512  1964.165653661282
15520  1965.6200535592905
15528  1967.0599160230115
15536  1968.4851620788017
15544  1969.8957132742944
15552  1971.2914916848977
15560  1972.672419920291
15568  1974.0384211309527
15576  1975.3894190146816
15584  1976.7253378231342
15592  1978.046102368374
15600  1979.351638029424
15608  1980.6418707588346
15616  1981.916727089258
15624  1983.176134140037
15632  1984.4200196237928
15640  1985.6483118530286
15648  1986.8609397467449
15656  1988.0578328370518
15664  1989.2389212758046
15672  1990.4041358412362
15680  1991.5534079445931
15688  1992.6866696368086
15696  1993.8038536151348
15704  1994.904893229832
15712  1995.989722490829
15720  1997.0582760744098
15728  1998.1104893299012
15736  1999.1462982863654
15744  2000.165639659302
15752  2001.1684508573567
15760  2002.1546699890328
15768  2003.1242358694103
15776  2004.0770880268733
15784  2005.0131667098387
15792  2005.9324128934948
15800  2006.8347682865358
15808  2007.720175337918
15816  2008.5885772436013
15824  2009.4399179533123
15832  2010.274142177296
15840  2011.0911953930884
15848  2011.8910238522778
15856  2012.6735745872788
15864  2013.4387954181088
15872  2014.1866349591653
15880  2014.9170426260057
15888  2015.6299686421378
15896  2016.3253640458006
15904  2017.003180696758
15912  2017.6633712830894
15920  2018.3058893279858
15928  2018.9306891965466
15936  2019.5377261025717
15944  2020.1269561153676
15952  2020.698336166549
15960  2021.25182405683
15968  2021.7873784628414
15976  2022.3049589439186
15984  2022.804525948919
15992  2023.2860408230158
16000  2023.7494658145065
16008  2024.1947640816138
16016  2024.6218996992864
16024  2025.030837666012
16032  2025.4215439106013
16040  2025.7939852990023
16048  2026.1481296410898
16056  2026.483945697467
16064  2026.8014031862588
16072  2027.100472789906
16080  2027.3811261619546
16088  2027.6433359338407
16096  2027.8870757216778
16104  2028.1123201330465
16112  2028.3190447737572
16120  2028.50722625464
16128  2028.6768421983063
16136  2028.8278712459232
16144  2028.960293063971
16152  2029.074088351007
16160  2029.1692388444142
16168  2029.2457273271507
16176  2029.303537634502
16184  2029.3426546608052
16192  2029.3630643661932
16200  2029.364753783313
16208  2029.34771102405
16216  2029.3119252862446
16224  2029.2573868603922
16232  2029.1840871363447
16240  2029.0920186100104
16248  2028.9811748900281
16256  2028.8515507044524
16264  2028.7031419074222
16272  2028.5359454858183
16280  2028.3499595659173
16288  2028.1451834200377
16296  2027.9216174731712
16304  2027.6792633096065
16312  2027.418123679556
16320  2027.1382025057417
16328  2026.839504890012
16336  2026.52203711991
16344  2026.1858066752607
16352  2025.8308222347207
16360  2025.4570936823472
16368  2025.064632114123
16376  2024.6534498444921
16384  2024.2235604128816
16392  2023.7749785901958
16400  2023.3077203853127
16408  2022.8218030515668
16416  2022.3172450932057
16424  2021.7940662718531
16432  2021.2522876129356
16440  2020.691931412117
16448  2020.1130212417015
16456  2019.5155819570323
16464  2018.8996397028718
16472  2018.2652219197628
16480  2017.6123573503833
16488  2016.941076045879
16496  2016.25140937218
16504  2015.5433900162952
16512  2014.8170519926175
16520  2014.0724306491645
16528  2013.3095626738482
16536  2012.5284861006994
16544  2011.7292403160845
16552  2010.911866064903
16560  2010.0764054567633
16568  2009.2229019721426
16576  2008.3514004685267
16584  2007.461947186531
16592  2006.5545897560035
16600  2005.6293772021015
16608  2004.6863599513554
16616  2003.7255898377025
16624  2002.747120108518
16632  2001.7510054305994
16640  2000.7373018961466
16648  1999.7060670287162
16656  1998.6573597891615
16664  1997.591240581521
16672  1996.5077712589232
16680  1995.407015129444
16688  1994.2890369619379
16696  1993.153902991867
16704  1992.0016809270785
16712  1990.8324399535845
16720  1989.6462507412868
16728  1988.4431854497109
16736  1987.223317733686
16744  1985.9867227490101
16752  1984.7334771580922
16760  1983.4636591355645
16768  1982.177348373865
16776  1980.874626088796
16784  1979.5555750250567
16792  1978.2202794617397
16800  1976.8688252178142
16808  1975.5012996575585
16816  1974.117791695995
16824  1972.7183918042585
16832  1971.303192014962
16840  1969.8722859275279
16848  1968.4257687134793
16856  1966.9637371217088
16864  1965.4862894837115
16872  1963.9935257187929
16880  1962.485547339237
16888  1960.9624574554464
16896  1959.4243607810565
16904  1957.8713636379994
16912  1956.3035739615539
16920  1954.7211013053466
16928  1953.1240568463338
16936  1951.5125533897303
16944  1949.8867053739232
16952  1948.2466288753376
16960  1946.5924416132732
16968  1944.9242629546957
16976  1943.242213919008
16984  1941.546417182773
16992  1939.8369970843985
17000  1938.1140796287916
17008  1936.3777924919725
17016  1934.6282650256503
17024  1932.8656282617617
17032  1931.090014916963
17040  1929.301559397092
17048  1927.500397801598
17056  1925.6866679279033
17064  1923.8605092757539
17072  1922.0220630515182
17080  1920.1714721724356
17088  1918.3088812708418
17096  1916.4344366983366
17104  1914.5482865299177
17112  1912.650580568067
17120  1910.741470346798
17128  1908.8211091356582
17136  1906.8896519436837
17144  1904.947255523318
17152  1902.994078374274
17160  1901.030280747364
17168  1899.0560246482746
17176  1897.0714738413008
17184  1895.0767938530255
17192  1893.0721519759693
17200  1891.057717272173
17208  1889.0336605767466
17216  1887.0001545013613
17224  1884.957373437701
17232  1882.9054935608615
17240  1880.8446928326948
17248  1878.775151005112
17256  1876.6970496233391
17264  1874.6105720291014
17272  1872.5159033637879
17280  1870.413230571535
17288  1868.3027424022798
17296  1866.184629414749
17304  1864.059083979398
17312  1861.9263002813007
17320  1859.7864743229807
17328  1857.6398039271894
17336  1855.4864887396357
17344  1853.3267302316492
17352  1851.160731702799
17360  1848.9886982834516
17368  1846.810836937274
17376  1844.6273564636786
17384  1842.4384675002125
17392  1840.2443825248902
17400  1838.0453158584642
17408  1835.8414836666436
17416  1833.6331039622476
17424  1831.4203966073017
17432  1829.2035833150774
17440  1826.9828876520671
17448  1824.7585350398992
17456  1822.5307527571963
17464  1820.2997699413656
17472  1818.06581759033
17480  1815.829128564199
17488  1813.5899375868714
17496  1811.3484812475788
17504  1809.1049980023672
17512  1806.8597281755035
17520  1804.6129139608295
17528  1802.3647994230475
17536  1800.11563049893
17544  1797.8656549984798
17552  1795.6151226060092
17560  1793.3642848811608
17568  1791.1133952598532
17576  1788.862709055166
17584  1786.6124834581517
17592  1784.3629775385787
17600  1782.1144522456045
17608  1779.8671704083822
17616  1777.6213967365884
17624  1775.3773978208937
17632  1773.1354421333428
17640  1770.89580002768
17648  1768.6587437395926
17656  1766.4245473868848
17664  1764.1934869695724
17672  1761.9658403699123
17680  1759.7418873523497
17688  1757.5219095633972
17696  1755.3061905314291
17704  1753.0950156664053
17712  1750.8886722595241
17720  1748.6874494827855
17728  1746.4916383884852
17736  1744.3015319086273
17744  1742.1174248542623
17752  1739.9396139147434
17760  1737.7683976568965
17768  1735.6040765241225
17776  1733.4469528354125
17784  1731.2973307842785
17792  1729.1555164376045
17800  1727.0218177344245
17808  1724.8965444846021
17816  1722.780008367438
17824  1720.672522930186
17832  1718.5744035864927
17840  1716.4859676147482
17848  1714.4075341563487
17856  1712.3394242138777
17864  1710.2819606491946
17872  1708.235468181446
17880  1706.2002733849802
17888  1704.1767046871787
17896  1702.1650923661925
17904  1700.165768548603
17912  1698.1790672069699
17920  1696.2053241573203
17928  1694.2448770565177
17936  1692.298065399552
17944  1690.3652305167395
17952  1688.4467155708292
17960  1686.5428655540056
17968  1684.6540272848295
17976  1682.7805494050247
17984  1680.922782376243
17992  1679.0810784766782
18000  1677.2557917976076
18008  1675.4472782398357
18016  1673.6558955100363
18024  1671.8820031170007
18032  1670.125962367787
18040  1668.3881363637647
18048  1666.6688899965702
18056  1664.968589943955
18064  1663.2876046655401
18072  1661.6263043984588
18080  1659.9850611529066
18088  1658.3642487075879
18096  1656.764242605058
18104  1655.1854201469587
18112  1653.6281603891566
18120  1652.0928441367755
18128  1650.5798539391196
18136  1649.089574084489
18144  1647.622390594902
18152  1646.1786912206949
18160  1644.758865435019
18168  1643.3633044282426
18176  1641.9924011022201
18184  1640.6465500644763
18192  1639.326147622248
18200  1638.0315917764779
18208  1636.7632822156058
18216  1635.5216203093387
18224  1634.3070091022414
18232  1633.1198533072566
18240  1631.9605592990927
18248  1630.8295351074905
18256  1629.727190410397
18264  1628.6539365270057
18272  1627.6101864106977
18280  1626.5963546418304
18288  1625.6128574204583
18296  1624.66011255891
18304  1623.7385394742316
18312  1622.848559180533
18320  1621.9905942812372
18328  1621.1650689611345
18336  1620.3724089783937
18344  1619.6130416564092
18352  1618.8873958755482
18360  1618.195902064744
18368  1617.5389921930089
18376  1616.9170997607678
18384  1616.330659791132
18392  1615.7801088210028
18400  1615.2658848920369
18408  1614.7884275415472
18416  1614.3481777932093
18424  1613.945578147675
18432  1613.5810725730494
18440  1613.2551064952554
18448  1612.968126788208
18456  1612.7205817639529
18464  1612.5129211625965
18472  1612.3455961421228
18480  1612.2190592681077
18488  1612.1337645032554
18496  1612.0901671968322
18504  1612.0887240739526
18512  1612.1298932247325
18520  1612.2141340933192
18528  1612.3419074667488
18536  1612.5136754637113
18544  1612.7299015231386
18552  1612.9910503926915
18560  1613.2975881170673
18568  1613.6499820261974
18576  1614.0487007232891
18584  1614.4942140727321
18592  1614.986993187875
18600  1615.5275104186164
18608  1616.116239338902
18616  1616.753654734056
18624  1617.4402325879612
18632  1618.1764500700947
18640  1618.9627855224526
18648  1619.7997184462583
18656  1620.6877294885874
18664  1621.6273004288169
18672  1622.6189141649265
18680  1623.6630546996528
18688  1624.7602071264805
18696  1625.9108576155127
18704  1627.1154933991556
18712  1628.3746027576676
18720  1629.6886750045678
18728  1631.0582004718485
18736  1632.4836704950756
18744  1633.965577398325
18752  1635.504414478934
18760  1637.1006759921315
18768  1638.754857135501
18776  1640.4674540332448
18784  1642.2389637203833
18792  1644.069884126679
18800  1645.9607140604887
18808  1647.9119531924166
18816  1649.9241020387913
18824  1651.9976619450126
18832  1654.1331350687487
18840  1656.3310243628837
18848  1658.5918335584033
18856  1660.9160671470527
18864  1663.3042303638479
18872  1665.7568291693983
18880  1668.2743702321131
18888  1670.8573609101845
18896  1673.506309233413
18904  1676.2217238848848
18912  1679.004114182474
18920  1681.8539900601218
18928  1684.7718620490357
18936  1687.7582412586373
18944  1690.8136393573566
18952  1693.938568553272
18960  1697.1335415745637
18968  1700.399071649756
18976  1703.735672487856
18984  1707.1438582582457
18992  1710.624143570415
19000  1714.1770434535567
19008  1717.803073335899
19016  1721.502749023935
19024  1725.2765866814343
19032  1729.1251028082597
19040  1733.0488142190538
19048  1737.0482380216577
19056  1741.1238915954282
19064  1745.27629256932
19072  1749.5059587997866
19080  1753.8134083485152
19088  1758.1991594599422
19096  1762.6637305386157
19104  1767.207640126342
19112  1771.8314068791346
19120  1776.535549544003
19128  1781.3205869355327
19136  1786.1870379122556
19144  1791.1354213528525
19152  1796.166256132152
19160  1801.2800610969286
19168  1806.4773550415018
19176  1811.7586566831644
19184  1817.1244846373727
19192  1822.5753573927614
19200  1828.1117932859713
19208  1833.734310476231
19216  1839.4434269198105
19224  1845.2396603441698
19232  1851.1235282220337
19240  1857.0955477451353
19248  1863.1562357978282
19256  1869.306108930512
19264  1875.5456833327532
19272  1881.875474806321
19280  1888.295998737942
19288  1894.8077700718216
19296  1901.4113032820587
19304  1908.1071123447346
19312  1914.8957107098736
19320  1921.777611273139
19328  1928.7533263473476
19336  1935.8233676337732
19344  1942.9882461931786
19352  1950.2484724167302
19360  1957.6045559965955
19368  1965.0570058963885
19376  1972.6063303213798
19384  1980.2530366884812
19392  1987.9976315960023
19400  1995.840620793211
19408  2003.7825091496588
19416  2011.8238006242675
19424  2019.9649982342366
19432  2028.2066040236643
19440  2036.5491190320074
19448  2044.9930432622525
19456  2053.538875648932
19464  2062.1871140258327
19472  2070.9382550935434
19480  2079.792794386727
19488  2088.751226241192
19496  2097.814043760706
19504  2106.9817387836074
19512  2116.2548018491557
19520  2125.6337221636504
19528  2135.118987566354
19536  2144.7110844951094
19544  2154.4104979517942
19552  2164.217711467476
19560  2174.133207067366
19568  2184.1574652355193
19576  2194.290964879311
19584  2204.5341832936297
19592  2214.8875961248787
19600  2225.3516773347
19608  2235.9268991634735
19616  2246.6137320935504
19624  2257.412644812267
19632  2268.3241041746815
19640  2279.348575166091
19648  2290.4865208642805
19656  2301.7384024015296
19664  2313.1046789263683
19672  2324.585807565075
19680  2336.1822433829366
19688  2347.8944393452316
19696  2359.7228462779835
19704  2371.6679128284454
19712  2383.73008542532
19720  2395.9098082387427
19728  2408.207523139996
